	HA1	HA2	HA3	HA4	HA5	HA6	HA7	HB1	HB2	HB3	HB4	HB5	HB6	HB7	HC1	HC2	HC3	HC4	HC5	HC6	HC7	HD1	HD2	HD3	HD4	HD5	HD6	HD7	HE1	HE2	HE3	HE4	HE5	HE6	HE7	HF1	HF2	HF3	HF4	HF5	HF6	HF7	VA1	VA2	VA3	VA4	VA5	VD1	VD2	VD3	VD4	VD5	VF1	VF2	VF3	VF4	VF5	MA1	MA2	MA3	MA4	MA5	MA6	MB1	MB2	MB3	MB4	MB5	MB6	MC1	MC2	MC3	MC4	MC5	MC6	MD1	MD2	MD3	MD4	MD5	MD6	ME1	ME2	ME3	ME4	ME5	ME6	MF1	MF2	MF3	MF4	MF5	MF6	YA1	YA2	YA3	YA4	YA5	YD1	YD2	YD3	YD4	YD5	YF1	YF2	YF3	YF4	YF5
HA1	0	0.680882508	0.537632113	0.612704483	0.597662683	0.73519311	0.626413292	0.180484107	0.674857625	0.683281026	0.609142978	0.619869031	0.580455197	0.6350396	0.371459401	0.433434392	0.594698589	0.529129833	0.401418591	0.39922295	0.561227752	0.330058833	0.622721268	0.517853325	0.684863261	0.500453939	0.610084212	0.57523536	0.377562028	0.807917348	0.62494015	0.745408352	0.548373242	0.55075318	0.530351438	0.263979472	0.757498405	0.555388901	0.576943585	0.458202187	0.449779337	0.642032822	0.569598807	0.469794455	0.389018957	0.702500843	0.53796217	0.540752887	0.459449821	0.394558726	0.637002009	0.482647836	0.552962014	0.602053417	0.530073376	0.613189683	0.467928406	0.796061885	0.77215052	0.797361081	0.815099653	0.790574775	0.790748418	0.807048075	0.789081886	0.781904813	0.764025322	0.783698376	0.765156988	0.788420146	0.762921594	0.798906982	0.814525876	0.810291983	0.785698785	0.772636039	0.79275988	0.808983245	0.791123	0.808326698	0.799821667	0.779107427	0.777110444	0.788784946	0.783057171	0.829017808	0.831345171	0.882648964	0.859513036	0.847778982	0.853331168	0.851025821	0.834754452	0.800738408	0.790991791	0.786767486	0.788658094	0.782489372	0.784104389	0.802230802	0.766860401	0.751817689	0.79038211	0.786762638	0.786422746	0.778871681	0.775293847	0.786321505
HA2	0.680882508	0	0.744013385	0.700312175	0.781963886	0.822558103	0.796578441	0.664987539	0.447406489	0.825230577	0.66084788	0.740391134	0.748557767	0.715178339	0.547313362	0.554941906	0.752093802	0.664371414	0.735987045	0.571450915	0.777012214	0.6767271	0.494642025	0.709005236	0.825649013	0.743055919	0.742333835	0.761683947	0.700084513	0.744047926	0.771744228	0.856365051	0.765905984	0.723238959	0.7569372	0.734841345	0.737028548	0.752360965	0.71503186	0.534096253	0.626022189	0.754174878	0.797327906	0.749059117	0.669012152	0.843953844	0.716058462	0.806180195	0.777000534	0.685368834	0.812083241	0.772929314	0.820206382	0.759482909	0.744793579	0.768994648	0.770864788	0.910371861	0.892615303	0.90827905	0.922464998	0.910705713	0.911450545	0.917678381	0.906075013	0.90806426	0.892925839	0.904192894	0.892967858	0.907251265	0.889365352	0.910936477	0.920189308	0.921638844	0.909052274	0.894805762	0.903781558	0.924125033	0.912448554	0.909535996	0.905977312	0.902842711	0.899314248	0.911570029	0.907186594	0.922986416	0.924231825	0.949452048	0.937645073	0.941226395	0.943717208	0.939040551	0.926963323	0.915257842	0.909880565	0.909134183	0.910166756	0.904400527	0.903474496	0.910084034	0.895652174	0.887897142	0.911564626	0.903823934	0.905285868	0.900064963	0.89328375	0.899704698
HA3	0.537632113	0.744013385	0	0.563131313	0.446882399	0.585073533	0.503338766	0.499436907	0.503552027	0.217767006	0.573019542	0.475504931	0.454621893	0.639235508	0.577771841	0.62962963	0.167478298	0.507753982	0.470920712	0.59565607	0.507231078	0.456246325	0.405914682	0.290660737	0.634187316	0.446813012	0.522375531	0.540698593	0.411111111	0.810662629	0.22400801	0.690452472	0.359034351	0.469183318	0.488924051	0.443503124	0.499367889	0.262839559	0.552762227	0.558044914	0.520514036	0.582695333	0.459127131	0.256265235	0.486433145	0.575499854	0.486620375	0.509686018	0.265552505	0.446962009	0.568336232	0.404356415	0.476224791	0.375701613	0.307251605	0.544777914	0.39117435	0.70791814	0.704362832	0.71238844	0.708753486	0.6625843	0.668971478	0.699267557	0.690778929	0.671725025	0.657803718	0.667206216	0.659862448	0.677254317	0.675450011	0.651612191	0.664998368	0.685892315	0.669030733	0.669132259	0.687712375	0.681024699	0.66405363	0.647787411	0.637166188	0.651030059	0.675916749	0.649011942	0.65348256	0.714053879	0.714332372	0.827350337	0.796521554	0.74195279	0.738007182	0.723154452	0.711170497	0.696311431	0.691673989	0.644610859	0.685928828	0.65346693	0.699775713	0.659549607	0.666196112	0.659108006	0.68770157	0.694483104	0.680488869	0.648192771	0.670392336	0.725520013
HA4	0.612704483	0.700312175	0.563131313	0	0.471700089	0.600958283	0.487155339	0.571207513	0.564507745	0.610653804	0.281860951	0.423728814	0.525911206	0.518206109	0.620075496	0.695727392	0.555883282	0.275246693	0.578028909	0.586423963	0.475105042	0.54427956	0.593312152	0.567801075	0.327343015	0.481972735	0.513442965	0.456146789	0.590730307	0.800779423	0.559855278	0.408045077	0.543492063	0.483552804	0.426682062	0.602107482	0.656253276	0.552634358	0.233130124	0.55623324	0.550757298	0.431642663	0.390264139	0.618008127	0.523726668	0.601476666	0.521651676	0.350650965	0.634656855	0.517337729	0.417753226	0.534735724	0.50813232	0.648466685	0.444433888	0.406657203	0.494935961	0.812899787	0.785587809	0.810022201	0.831572206	0.803639487	0.804364184	0.81941914	0.802147565	0.793309502	0.768469728	0.796006012	0.776670863	0.799872733	0.771496386	0.722618917	0.702424767	0.823750729	0.796749706	0.783525535	0.807524537	0.614453944	0.628207197	0.674283154	0.647271929	0.789735547	0.791191937	0.662386103	0.629405405	0.71517761	0.720877335	0.882129478	0.873765793	0.742713782	0.730041064	0.735104283	0.721335886	0.814038091	0.806469238	0.799563574	0.803161542	0.794028743	0.796811902	0.779198816	0.772687986	0.754063302	0.776874532	0.799856012	0.796764738	0.78685845	0.78332388	0.798454639
HA5	0.597662683	0.781963886	0.446882399	0.471700089	0	0.509532243	0.370591313	0.558117195	0.581284117	0.463240692	0.528206201	0.204366537	0.379497908	0.649130161	0.641922791	0.706900168	0.405151978	0.505065883	0.469351277	0.649842602	0.37395598	0.495797425	0.543654928	0.424837979	0.467265792	0.276479259	0.402568922	0.486472315	0.518473234	0.83234591	0.409796518	0.536109372	0.262105096	0.41735754	0.420607842	0.5233177	0.582385321	0.385606421	0.438633377	0.589293227	0.594716427	0.461301602	0.33769958	0.515890495	0.471434452	0.485890552	0.396337141	0.449570187	0.515201542	0.458094565	0.453141161	0.423175008	0.38381182	0.553266687	0.397518741	0.44460219	0.362420994	0.751559418	0.757647311	0.759555908	0.749132639	0.725759691	0.729075955	0.736213088	0.737785103	0.720170758	0.716160258	0.733261745	0.731304062	0.725908247	0.734772053	0.668735923	0.643587939	0.739559042	0.727958082	0.739331027	0.747941321	0.561579004	0.583171939	0.637595922	0.609991765	0.70413241	0.731331836	0.620869751	0.590528194	0.686709372	0.689307767	0.81994723	0.808335546	0.703165875	0.683059526	0.68555271	0.682889208	0.741559206	0.7397672	0.705844778	0.736964643	0.711785298	0.749906999	0.71203552	0.721432816	0.717876049	0.711045734	0.746759721	0.734947608	0.726336439	0.746525217	0.765131863
HA6	0.73519311	0.822558103	0.585073533	0.600958283	0.509532243	0	0.620549656	0.686518047	0.704504318	0.554976007	0.710125332	0.56003341	0.331911352	0.814865006	0.783054792	0.847710441	0.50296044	0.697561485	0.706233006	0.783008037	0.632896181	0.58962963	0.693232459	0.502961061	0.491502521	0.647397633	0.400020775	0.784395536	0.639612965	0.846980976	0.584872196	0.525173881	0.561976946	0.410960334	0.608834125	0.661303003	0.708922146	0.525024946	0.590212788	0.790773093	0.567778936	0.688418211	0.539337582	0.645374985	0.647156991	0.384345975	0.619009601	0.676657509	0.647695673	0.707795216	0.543752617	0.631399281	0.622492659	0.716159998	0.653108591	0.629429839	0.623083301	0.796065539	0.805935098	0.800389126	0.7780963	0.759718069	0.76188185	0.77442567	0.781291312	0.751512578	0.76124512	0.779889998	0.786476481	0.772010339	0.786339003	0.66522808	0.633162853	0.780073801	0.770380218	0.79004861	0.791311893	0.575738126	0.594221509	0.660150376	0.643391385	0.738246369	0.778371016	0.643909679	0.624280875	0.731034852	0.733031674	0.84904472	0.836616148	0.74024319	0.720954907	0.732250876	0.732529228	0.787664307	0.785120374	0.750105887	0.781271876	0.745515932	0.792483746	0.761842174	0.774327011	0.772164016	0.7498537	0.793236396	0.781653258	0.773153417	0.794461053	0.810276255
HA7	0.626413292	0.796578441	0.503338766	0.487155339	0.370591313	0.620549656	0	0.582017918	0.612551301	0.502410396	0.420615433	0.373190686	0.454060834	0.61838936	0.67098831	0.703971497	0.487076907	0.430205109	0.544862366	0.672853098	0.212219831	0.554539656	0.582196773	0.503080082	0.350284551	0.392530247	0.446937285	0.361416745	0.531580345	0.839011217	0.498585054	0.394514548	0.387023426	0.429110738	0.253081563	0.568637776	0.637906648	0.508151744	0.465728242	0.634471886	0.578462183	0.271447197	0.351663693	0.598530678	0.505995304	0.555903812	0.448524051	0.388446184	0.598822885	0.489512355	0.51831596	0.464270546	0.267117454	0.627184714	0.420215235	0.312958604	0.42920256	0.799584465	0.797726298	0.796080089	0.805002933	0.767703863	0.772251168	0.789107267	0.79057536	0.774661406	0.770648611	0.767906004	0.766630197	0.779638561	0.784786242	0.672613493	0.67198572	0.780849486	0.759897419	0.766862412	0.743229252	0.60855546	0.638748522	0.632059103	0.6124856	0.754188736	0.782230251	0.663648951	0.633299119	0.701576031	0.705563975	0.859734233	0.855695262	0.737423313	0.722737448	0.709137435	0.701514749	0.79094263	0.791841861	0.755319149	0.786073689	0.763726945	0.79215124	0.719642951	0.767316309	0.764787604	0.762894863	0.782156298	0.775294309	0.72970324	0.732554844	0.799438384
HB1	0.180484107	0.664987539	0.499436907	0.571207513	0.558117195	0.686518047	0.582017918	0	0.646342109	0.631573322	0.566412702	0.570496363	0.52329176	0.59713767	0.349306158	0.466923159	0.542442953	0.488202878	0.412773253	0.377820554	0.516462337	0.240997831	0.586155643	0.470382901	0.630584101	0.48470866	0.563796956	0.548038901	0.305478784	0.792099132	0.589310529	0.707433798	0.505474945	0.500962567	0.479270315	0.263977657	0.721216007	0.514988429	0.53575829	0.423410869	0.413568376	0.588789023	0.500385398	0.439493693	0.345166103	0.652990169	0.500711661	0.508983111	0.42164096	0.397189408	0.609685569	0.416551127	0.50825072	0.583740119	0.484244511	0.568175535	0.397941515	0.783140388	0.759794266	0.790483376	0.803449965	0.771513028	0.772430803	0.788863997	0.770527343	0.757588946	0.740308165	0.76109925	0.739669421	0.767637995	0.740111129	0.777864948	0.796522219	0.791031875	0.766148814	0.75135862	0.775404639	0.796007896	0.775095996	0.772620749	0.764350115	0.759514617	0.761050573	0.770835597	0.765257181	0.796695757	0.798608042	0.874031842	0.843372842	0.83486638	0.836215334	0.821820951	0.804153337	0.783645191	0.773256786	0.765357065	0.772513942	0.760380623	0.771276884	0.77264156	0.74612969	0.730360355	0.764083547	0.769213382	0.768008416	0.758239315	0.759105912	0.775708145
HB2	0.674857625	0.447406489	0.503552027	0.564507745	0.581284117	0.704504318	0.612551301	0.646342109	0	0.530532563	0.604276965	0.554316678	0.618879485	0.648754097	0.5746635	0.584092447	0.497228323	0.568063373	0.651479568	0.594978905	0.592824364	0.612610234	0.21458495	0.552672874	0.64799253	0.564463026	0.587164999	0.609078132	0.60348285	0.752128373	0.469047743	0.677977516	0.595923513	0.58472678	0.555810318	0.640510567	0.395857187	0.532445749	0.585577124	0.531297311	0.585054899	0.573160622	0.597486835	0.530343677	0.535167626	0.69793149	0.560016972	0.644471425	0.555778756	0.477833485	0.614483944	0.648984758	0.598837989	0.554337447	0.467700854	0.561663069	0.602539124	0.810541914	0.804080328	0.805080298	0.815513405	0.793764988	0.795219294	0.805830407	0.802406586	0.786429366	0.780719547	0.78927734	0.785927737	0.789828367	0.789332762	0.767746156	0.758542876	0.807544589	0.791211124	0.794723645	0.808833081	0.705012545	0.690286752	0.73699422	0.709709055	0.773876631	0.787625054	0.708511876	0.685876798	0.766723659	0.771302618	0.87374928	0.861600084	0.770853206	0.761423201	0.766456601	0.757233369	0.798597833	0.797483458	0.774372523	0.789875322	0.780445427	0.795843005	0.772274111	0.777241527	0.769957537	0.794308166	0.804979937	0.796853109	0.781179016	0.789035236	0.811618302
HB3	0.683281026	0.825230577	0.217767006	0.610653804	0.463240692	0.554976007	0.502410396	0.631573322	0.530532563	0	0.632479975	0.459007778	0.491987012	0.643299402	0.718956337	0.759214533	0.195336815	0.617095095	0.610233733	0.756225701	0.573615275	0.538354997	0.445070423	0.396296101	0.61230576	0.517764892	0.551082296	0.626483251	0.532073463	0.853975853	0.22308581	0.655867907	0.4165651	0.53593947	0.55542707	0.562978207	0.459184209	0.31095014	0.598294647	0.719852554	0.658933445	0.599477397	0.488818765	0.389656605	0.574929435	0.535750315	0.539579985	0.59115036	0.379096295	0.547040482	0.574085158	0.510523516	0.525875349	0.442971415	0.414506238	0.545022284	0.480130176	0.721744701	0.723989682	0.723860448	0.70634454	0.653548387	0.66711525	0.699887297	0.699621999	0.668056001	0.666002477	0.670734986	0.675219298	0.685591375	0.693662543	0.612257248	0.619450317	0.688461947	0.670825079	0.682635719	0.660750369	0.635825075	0.621161513	0.581197061	0.579636044	0.647383815	0.689032754	0.60689508	0.611607385	0.67645949	0.676394012	0.825618263	0.794885427	0.711841754	0.704518748	0.686077572	0.679147803	0.703691797	0.699775625	0.65	0.69180719	0.64892713	0.708796764	0.639231461	0.678082562	0.676465863	0.690395843	0.705236299	0.691839287	0.627830832	0.646951878	0.739149259
HB4	0.609142978	0.66084788	0.573019542	0.281860951	0.528206201	0.710125332	0.420615433	0.566412702	0.604276965	0.632479975	0	0.469321457	0.548848624	0.59968611	0.58209906	0.66801026	0.568212896	0.241719078	0.606151262	0.562202085	0.413782253	0.548356259	0.573412389	0.583271962	0.380803339	0.495874284	0.538862535	0.44019264	0.602908396	0.811342292	0.575684591	0.432039594	0.568786982	0.518466132	0.413059428	0.61489899	0.680623888	0.571639431	0.342989085	0.546490261	0.563137788	0.402563568	0.438865293	0.621954069	0.531723862	0.678301085	0.557731733	0.331188147	0.638954314	0.510081246	0.551298085	0.562499337	0.434076027	0.670531181	0.492331208	0.392601008	0.536333565	0.853523526	0.832199304	0.852000422	0.869977619	0.848421504	0.84973704	0.858533975	0.845010616	0.83858079	0.821002899	0.839193825	0.8216101	0.842211162	0.816007756	0.781397389	0.765888457	0.858511032	0.841678232	0.829476916	0.847996516	0.671194631	0.692357269	0.727018564	0.702071687	0.837140234	0.837234741	0.713753658	0.683182211	0.752687016	0.757421727	0.903060956	0.896745468	0.775077284	0.765695724	0.769054594	0.754672897	0.854380342	0.848554283	0.841313706	0.848216216	0.840402436	0.841999151	0.825963061	0.821898598	0.810911809	0.829007797	0.844069671	0.843360434	0.837776085	0.831691018	0.83835986
HB5	0.619869031	0.740391134	0.475504931	0.423728814	0.204366537	0.56003341	0.373190686	0.570496363	0.554316678	0.459007778	0.469321457	0	0.407170563	0.582921962	0.636431465	0.668523384	0.41650388	0.469669069	0.498208641	0.649700284	0.390787049	0.52345916	0.527618252	0.454401436	0.460857726	0.307903345	0.438723182	0.493641618	0.481805104	0.773333333	0.413329129	0.517728271	0.310421639	0.438788389	0.406176022	0.543174016	0.53880103	0.429433243	0.41653058	0.59302203	0.593086783	0.431769444	0.379766291	0.548524692	0.50074932	0.48553704	0.417044481	0.475414263	0.555629093	0.477701728	0.45191351	0.479030884	0.425996917	0.559426219	0.398952381	0.401940878	0.43271539	0.750895004	0.747095525	0.748741589	0.759054191	0.72427895	0.7282474	0.738088844	0.739862525	0.716226334	0.712068129	0.721573481	0.711808604	0.724126934	0.714486562	0.664776169	0.652867452	0.737809413	0.717807191	0.73014038	0.746925389	0.551638637	0.583090693	0.620571557	0.592692456	0.69933861	0.724562078	0.605490866	0.579517746	0.67564068	0.679261672	0.827480432	0.819081573	0.706779389	0.693467337	0.685809004	0.678234447	0.737544913	0.735882127	0.704758856	0.730504152	0.712311291	0.737842876	0.694548922	0.70379596	0.698697679	0.706642363	0.739951144	0.726288295	0.719591458	0.729314757	0.747914635
HB6	0.580455197	0.748557767	0.454621893	0.525911206	0.379497908	0.331911352	0.454060834	0.52329176	0.618879485	0.491987012	0.548848624	0.407170563	0	0.646221478	0.617100372	0.678676163	0.398958279	0.518271903	0.503622808	0.60626703	0.467604008	0.443098502	0.551092612	0.403252118	0.46584564	0.444058885	0.187108886	0.571533305	0.501778604	0.813972802	0.454326419	0.498749218	0.386924581	0.200398281	0.468833552	0.522130414	0.665218074	0.40673944	0.461389049	0.606932773	0.441315046	0.534844931	0.397230382	0.50952639	0.516493467	0.406979036	0.428520863	0.533925716	0.518320152	0.555750686	0.543317224	0.442523612	0.449120694	0.54716901	0.474638827	0.495122327	0.426858185	0.794366647	0.787115446	0.794920534	0.799456261	0.778873995	0.780318892	0.78750736	0.784845749	0.771264123	0.763574843	0.778862137	0.776380536	0.775623709	0.773694703	0.704723761	0.677677461	0.788481897	0.770278208	0.778180023	0.78879146	0.614459126	0.635181603	0.662471332	0.644388398	0.755401901	0.776659189	0.652011923	0.628097835	0.698833396	0.701395651	0.853167492	0.848242219	0.718901626	0.706690816	0.70801364	0.703266932	0.786244857	0.785952082	0.758851675	0.780781917	0.762686725	0.787272438	0.753893259	0.762693574	0.758184246	0.754153534	0.785706383	0.777910318	0.771863946	0.781882046	0.797819516
HB7	0.6350396	0.715178339	0.639235508	0.518206109	0.649130161	0.814865006	0.61838936	0.59713767	0.648754097	0.643299402	0.59968611	0.582921962	0.646221478	0	0.605193147	0.648583421	0.639660535	0.522193623	0.535297212	0.567723646	0.586544021	0.617906952	0.671080067	0.658037644	0.682124745	0.570058997	0.682549634	0.407135362	0.591786797	0.761206448	0.67390848	0.735171261	0.531162298	0.664811509	0.568674825	0.655048774	0.754498243	0.652242828	0.521590491	0.456219743	0.652260569	0.483315056	0.634769813	0.680901125	0.649428853	0.759028507	0.539102591	0.684421193	0.693312799	0.660461341	0.687419712	0.495587453	0.671000354	0.582316246	0.584236661	0.63004464	0.517437256	0.836116298	0.791322092	0.833253981	0.865192544	0.835392715	0.833790544	0.852094171	0.822205671	0.820909868	0.784103751	0.81840649	0.788101238	0.82911426	0.779301409	0.761640372	0.796652402	0.859567246	0.827724573	0.773674086	0.739699864	0.828759014	0.802540913	0.763802477	0.761358018	0.820415674	0.811084919	0.802687713	0.793670544	0.827848101	0.830569106	0.910127785	0.889709398	0.863133714	0.867527754	0.86066624	0.841928788	0.846549232	0.831464975	0.829125386	0.831066804	0.819552065	0.815368253	0.790447982	0.793263773	0.768312911	0.831397527	0.810442301	0.816156897	0.757565843	0.733863185	0.805753839
HC1	0.371459401	0.547313362	0.577771841	0.620075496	0.641922791	0.783054792	0.67098831	0.349306158	0.5746635	0.718956337	0.58209906	0.636431465	0.617100372	0.605193147	0	0.570226813	0.631947788	0.532704302	0.572175956	0.453276505	0.619885848	0.413226713	0.523960647	0.564556691	0.725396573	0.572115899	0.651892694	0.604301991	0.43447978	0.79833263	0.662690382	0.778531313	0.612081475	0.594522592	0.569639145	0.48167175	0.737450093	0.603624859	0.618254604	0.429135961	0.536619119	0.636479254	0.627797333	0.570625804	0.486845795	0.768508852	0.559723134	0.618235477	0.573878849	0.499577543	0.717884716	0.543891647	0.637458314	0.661929104	0.587079134	0.682697241	0.548075996	0.840038988	0.813017881	0.836778523	0.855353754	0.835078534	0.834216131	0.847024879	0.829040445	0.824607046	0.80453428	0.823616035	0.80129061	0.829679504	0.795560428	0.84212583	0.857669251	0.84777694	0.831640689	0.810570966	0.830775198	0.856752622	0.840419718	0.846495473	0.84055788	0.82514562	0.821522017	0.831222258	0.829625968	0.865040739	0.867048206	0.912111468	0.884928552	0.888075484	0.891104128	0.888371085	0.870347361	0.84183923	0.832639236	0.829260381	0.832884097	0.824175824	0.826199601	0.834988459	0.809319941	0.796100158	0.835696822	0.828079261	0.83021678	0.819500581	0.810924612	0.82178544
HC2	0.433434392	0.554941906	0.62962963	0.695727392	0.706900168	0.847710441	0.703971497	0.466923159	0.584092447	0.759214533	0.66801026	0.668523384	0.678676163	0.648583421	0.570226813	0	0.700089667	0.609461235	0.466364881	0.436121034	0.640877294	0.62991371	0.589922804	0.644843049	0.776301334	0.590976175	0.702425763	0.604367913	0.590674403	0.720262254	0.723692502	0.817868339	0.633762518	0.667752443	0.624638671	0.418983802	0.73177261	0.691673275	0.675069733	0.472935973	0.518526294	0.706328056	0.698243584	0.604823847	0.521730738	0.820305107	0.648534691	0.664541299	0.600356196	0.513479525	0.771894857	0.645100543	0.685438045	0.695227148	0.602822709	0.715131477	0.606142566	0.884802221	0.85986029	0.88206024	0.901234568	0.883990969	0.883632058	0.895143547	0.877668352	0.878820261	0.857196705	0.87495296	0.856923583	0.879135468	0.852844255	0.878431157	0.893435959	0.899702823	0.881685315	0.860969037	0.875716704	0.896499731	0.879659556	0.877615121	0.873343961	0.875324957	0.866915355	0.879295624	0.873436908	0.896189296	0.896843475	0.936489485	0.92259848	0.921205966	0.924909207	0.919017094	0.903179422	0.889311546	0.881367989	0.881675728	0.881702358	0.875836431	0.873889214	0.881238423	0.861401136	0.849333405	0.884955278	0.874320577	0.876162001	0.867626998	0.858546839	0.868398268
HC3	0.594698589	0.752093802	0.167478298	0.555883282	0.405151978	0.50296044	0.487076907	0.542442953	0.497228323	0.195336815	0.568212896	0.41650388	0.398958279	0.639660535	0.631947788	0.700089667	0	0.546049852	0.526045798	0.65841558	0.515852885	0.445116404	0.431326311	0.2725538	0.589088616	0.471694116	0.494406219	0.571285405	0.437693871	0.818390925	0.199472435	0.638339195	0.359561329	0.466561098	0.493716338	0.49533503	0.513764371	0.205460533	0.546319797	0.615404962	0.564249934	0.562473751	0.451365774	0.348697309	0.510474483	0.501953656	0.476025207	0.554125122	0.339812587	0.513147851	0.552186211	0.44813726	0.501573593	0.412812054	0.35530299	0.513429658	0.43812496	0.713795323	0.711138707	0.717476864	0.704543014	0.643061632	0.664359113	0.693842338	0.692233633	0.664036077	0.657612812	0.66065255	0.664628436	0.679223135	0.680924981	0.618131564	0.614052288	0.66568915	0.649273803	0.67370399	0.68667691	0.634435366	0.618836265	0.594588501	0.582698044	0.645605442	0.682800441	0.606348185	0.609551784	0.682409012	0.683361491	0.826193131	0.791582096	0.72080782	0.713764422	0.696205249	0.685894692	0.700150732	0.695919938	0.646869812	0.689365875	0.647190652	0.703592814	0.64968627	0.669928245	0.664514741	0.679367129	0.699570815	0.686441604	0.649303652	0.672376385	0.727910391
HC4	0.529129833	0.664371414	0.507753982	0.275246693	0.505065883	0.697561485	0.430205109	0.488202878	0.568063373	0.617095095	0.241719078	0.469669069	0.518271903	0.522193623	0.532704302	0.609461235	0.546049852	0	0.52916996	0.502130121	0.403054239	0.479707749	0.551725939	0.520600042	0.415776241	0.423505198	0.494268516	0.354428384	0.530803667	0.800364678	0.52810052	0.487053408	0.513103448	0.455262743	0.358135129	0.540517697	0.670590708	0.524137201	0.27368532	0.475776267	0.488728916	0.412158627	0.394913916	0.535156583	0.451093457	0.656411378	0.491886187	0.396803466	0.554816424	0.451575165	0.54815112	0.445699068	0.427139448	0.618758891	0.397639587	0.398775034	0.437579335	0.815927312	0.779092914	0.813864745	0.843857021	0.809785241	0.810842854	0.829464861	0.803006076	0.792221687	0.766335993	0.795456992	0.76606839	0.802956189	0.753353527	0.764044944	0.756973841	0.83040221	0.801779588	0.78061674	0.809294697	0.654391546	0.664527264	0.706728069	0.670409511	0.793720514	0.7898495	0.683709996	0.652466125	0.726389638	0.734890035	0.890281966	0.875665318	0.756690216	0.748141811	0.750227309	0.732643703	0.821800236	0.809226386	0.803297935	0.805992835	0.796565109	0.798508258	0.789741416	0.770772397	0.752868018	0.799442299	0.79941134	0.799586327	0.789335664	0.778725825	0.792924094
HC5	0.401418591	0.735987045	0.470920712	0.578028909	0.469351277	0.706233006	0.544862366	0.412773253	0.651479568	0.610233733	0.606151262	0.498208641	0.503622808	0.535297212	0.572175956	0.466364881	0.526045798	0.52916996	0	0.452227957	0.449348732	0.521362957	0.591569919	0.482570748	0.65056386	0.33717366	0.552783311	0.368670386	0.489032396	0.789023372	0.544593029	0.713148245	0.315093237	0.518436578	0.494440639	0.383589906	0.707804852	0.514974821	0.562872672	0.343152782	0.506103978	0.545659349	0.527902562	0.452834421	0.460883847	0.666239196	0.320166168	0.531081763	0.449007416	0.415587486	0.629327392	0.386611905	0.488428148	0.48774124	0.479308883	0.588975428	0.347591657	0.797677033	0.782435345	0.795658405	0.809870854	0.78686934	0.788439743	0.797363465	0.787029624	0.778206365	0.760812051	0.782006361	0.772647318	0.781481284	0.768809924	0.759501351	0.771291918	0.801958072	0.780020398	0.769481057	0.786562996	0.776673866	0.76385438	0.758591597	0.751832865	0.770826545	0.775895264	0.762546816	0.757259947	0.796465438	0.798564281	0.870523416	0.859708971	0.822801093	0.823819214	0.814997322	0.801676723	0.792962665	0.789410151	0.773407439	0.785267736	0.77113951	0.785093101	0.768108252	0.762299973	0.751113974	0.784436926	0.782424917	0.776723903	0.765388193	0.768472626	0.792078133
HC6	0.39922295	0.571450915	0.59565607	0.586423963	0.649842602	0.783008037	0.672853098	0.377820554	0.594978905	0.756225701	0.562202085	0.649700284	0.60626703	0.567723646	0.453276505	0.436121034	0.65841558	0.502130121	0.452227957	0	0.597705384	0.519774011	0.630688935	0.580003167	0.74768361	0.553481013	0.621155053	0.576171465	0.534167776	0.805998126	0.702711223	0.796214973	0.565134404	0.567132794	0.577806994	0.464758988	0.808813488	0.649791038	0.613881721	0.369546891	0.340510451	0.619869281	0.65438855	0.524449135	0.506209316	0.805437916	0.561844689	0.633018569	0.53838766	0.531325206	0.73805048	0.554647078	0.616145627	0.605574104	0.573024437	0.695674642	0.529500692	0.865178142	0.833853102	0.862598655	0.886624953	0.86584185	0.865675661	0.87821511	0.857241783	0.857998289	0.833288431	0.855398354	0.837410861	0.859291142	0.830044867	0.874938075	0.891197049	0.882858963	0.86264531	0.840735237	0.855854871	0.892876388	0.873436826	0.873491609	0.868309588	0.857576414	0.848602953	0.871849637	0.867179459	0.895798501	0.897753175	0.937612351	0.915527422	0.924043862	0.927640017	0.920996365	0.90418332	0.872513805	0.863658764	0.862826667	0.863831172	0.854075885	0.853362441	0.870253667	0.838683484	0.825984463	0.868481698	0.854478854	0.856280259	0.847884248	0.83764425	0.846220489
HC7	0.561227752	0.777012214	0.507231078	0.475105042	0.37395598	0.632896181	0.212219831	0.516462337	0.592824364	0.573615275	0.413782253	0.390787049	0.467604008	0.586544021	0.619885848	0.640877294	0.515852885	0.403054239	0.449348732	0.597705384	0	0.548321682	0.571510686	0.510042283	0.394444444	0.30189576	0.452364741	0.285857045	0.494027304	0.82223844	0.517070861	0.41648783	0.350037159	0.429654192	0.182287279	0.517390845	0.635675221	0.518644068	0.440999684	0.527245872	0.540669856	0.239346665	0.334049839	0.555202152	0.437578722	0.57781181	0.41584676	0.336936918	0.554253233	0.442557547	0.490049894	0.403155146	0.242526926	0.588157832	0.40379177	0.343407458	0.356323299	0.796448818	0.781749664	0.790623674	0.810559006	0.785856627	0.786885246	0.794946237	0.783253333	0.769177239	0.757229176	0.775611333	0.767671775	0.77708023	0.766832648	0.693121693	0.681438036	0.799564038	0.775906458	0.768128719	0.782251888	0.596762881	0.617896271	0.658986175	0.634170522	0.762222584	0.774431131	0.649612403	0.619915392	0.714007992	0.720154323	0.862791806	0.853536429	0.740145673	0.72743325	0.730800107	0.719560346	0.792699946	0.786842105	0.761414001	0.781749049	0.762702847	0.781533212	0.743796394	0.757940379	0.752387083	0.756814767	0.779049736	0.775163399	0.763831183	0.765255009	0.785632963
HD1	0.330058833	0.6767271	0.456246325	0.54427956	0.495797425	0.58962963	0.554539656	0.240997831	0.612610234	0.538354997	0.548356259	0.52345916	0.443098502	0.617906952	0.413226713	0.62991371	0.445116404	0.479707749	0.521362957	0.519774011	0.548321682	0	0.553709387	0.412879396	0.598641261	0.476200663	0.497825395	0.587940769	0.28147788	0.801836993	0.480980288	0.682709636	0.498682725	0.45554371	0.509838426	0.340435784	0.690152847	0.422134006	0.523255193	0.515225986	0.452928647	0.585961936	0.412762779	0.469399008	0.413930891	0.57550663	0.458547742	0.53107978	0.46746971	0.504755323	0.56882434	0.411509393	0.488111829	0.500888339	0.45953658	0.521857289	0.412592061	0.767809741	0.751308901	0.772036311	0.782068666	0.747708424	0.747719202	0.769293611	0.7551726	0.740158334	0.726403236	0.738200469	0.72239537	0.749744032	0.731754126	0.740184306	0.756808803	0.767043619	0.743330617	0.740577363	0.762403681	0.753607346	0.735921268	0.729421817	0.722721438	0.732270478	0.743358396	0.729773638	0.724820045	0.76070901	0.762607355	0.853634999	0.830285375	0.803613085	0.802168022	0.782391846	0.767821434	0.764232505	0.756457975	0.74058849	0.75235265	0.739060142	0.753982396	0.740293217	0.729833617	0.716241917	0.7350655	0.75782834	0.752883395	0.73876918	0.744820821	0.767109744
HD2	0.622721268	0.494642025	0.405914682	0.593312152	0.543654928	0.693232459	0.582196773	0.586155643	0.21458495	0.445070423	0.573412389	0.527618252	0.551092612	0.671080067	0.523960647	0.589922804	0.431326311	0.551725939	0.591569919	0.630688935	0.571510686	0.553709387	0	0.491797264	0.666926555	0.521889401	0.543320175	0.599937409	0.532124161	0.729086961	0.404111018	0.703488372	0.527083224	0.547343146	0.563991436	0.576872674	0.341225554	0.468774621	0.576888889	0.518518519	0.594013974	0.615907793	0.570532915	0.436250489	0.496306893	0.682227251	0.518986685	0.614827492	0.45977529	0.457323581	0.635164972	0.581407885	0.570192129	0.475885111	0.44830375	0.585755314	0.547196943	0.796892401	0.79491833	0.792374441	0.800371649	0.778917014	0.780890766	0.791993177	0.790681686	0.771125265	0.768066328	0.775807744	0.776761407	0.774835136	0.779232627	0.747473092	0.739083616	0.79122733	0.777056853	0.785328017	0.797147041	0.715416711	0.702161815	0.717707347	0.705050505	0.761136217	0.771917398	0.691899915	0.698123353	0.751566097	0.754875552	0.867716535	0.852020069	0.767829643	0.766341256	0.762576948	0.756097561	0.781787216	0.782270776	0.760139786	0.773601163	0.763849319	0.783686631	0.7528787	0.764522543	0.757778842	0.77217345	0.792552605	0.781953669	0.76651672	0.778191459	0.803698129
HD3	0.517853325	0.709005236	0.290660737	0.567801075	0.424837979	0.502961061	0.503080082	0.470382901	0.552672874	0.396296101	0.583271962	0.454401436	0.403252118	0.658037644	0.564556691	0.644843049	0.2725538	0.520600042	0.482570748	0.580003167	0.510042283	0.412879396	0.491797264	0	0.620229208	0.465014037	0.466036249	0.571933527	0.386755109	0.806640523	0.328478708	0.680894629	0.385729499	0.419566021	0.496144502	0.437009544	0.626120899	0.17182021	0.573090755	0.558071856	0.479457835	0.592102499	0.479110078	0.413974005	0.503955294	0.516499822	0.497771392	0.551362989	0.422476113	0.509348919	0.594178646	0.429542903	0.502525596	0.513934124	0.367075697	0.540559774	0.425678976	0.736051502	0.730193876	0.738589212	0.734665378	0.6772381	0.697933571	0.722036458	0.713781297	0.696826505	0.685680268	0.68575751	0.686484104	0.707759633	0.703550874	0.690589406	0.706689911	0.646845502	0.614656193	0.712548369	0.727003293	0.706121124	0.691624709	0.684032476	0.674439165	0.679385989	0.7100794	0.68220089	0.682154516	0.717659805	0.720141728	0.832740402	0.802863554	0.755452885	0.752240889	0.731250336	0.71751231	0.727223778	0.721812782	0.685682147	0.717741935	0.685328494	0.725454545	0.701946601	0.698782079	0.690055962	0.714608677	0.725818141	0.716533712	0.701327191	0.720045688	0.744710937
HD4	0.684863261	0.825649013	0.634187316	0.327343015	0.467265792	0.491502521	0.350284551	0.630584101	0.64799253	0.61230576	0.380803339	0.460857726	0.46584564	0.682124745	0.725396573	0.776301334	0.589088616	0.415776241	0.65056386	0.74768361	0.394444444	0.598641261	0.666926555	0.620229208	0	0.51310468	0.455274811	0.513680356	0.638060889	0.829401089	0.583067343	0.159681366	0.574762408	0.432804565	0.385670891	0.644584648	0.669107647	0.602254768	0.329976925	0.708798993	0.628575911	0.372526557	0.389320337	0.679412327	0.570798047	0.509502788	0.573826585	0.401450721	0.679597464	0.583124037	0.444476137	0.582634508	0.39849203	0.735952107	0.522802212	0.331395195	0.541111322	0.823829787	0.810462066	0.820972676	0.83342209	0.809202421	0.81293575	0.819270666	0.814767664	0.800990257	0.790106235	0.808656525	0.800316784	0.806434543	0.796318226	0.707442727	0.67595593	0.821373804	0.800170703	0.805369863	0.821436344	0.529108762	0.578551876	0.65310684	0.613429729	0.789002213	0.806077831	0.630563088	0.582308522	0.704403867	0.710024318	0.880271679	0.877317512	0.725045275	0.704007238	0.711715548	0.703459987	0.818278881	0.816159634	0.795846832	0.811797753	0.797110652	0.812831389	0.782617867	0.790103493	0.779342723	0.777137368	0.816544179	0.809663092	0.802326846	0.806791171	0.819054294
HD5	0.500453939	0.743055919	0.446813012	0.481972735	0.276479259	0.647397633	0.392530247	0.48470866	0.564463026	0.517764892	0.495874284	0.307903345	0.444058885	0.570058997	0.572115899	0.590976175	0.471694116	0.423505198	0.33717366	0.553481013	0.30189576	0.476200663	0.521889401	0.465014037	0.51310468	0	0.451186227	0.364431794	0.476137032	0.803050883	0.421341206	0.57532522	0.246369101	0.440763794	0.36910981	0.467500132	0.577760211	0.450607782	0.434398943	0.452738422	0.544209084	0.433398038	0.378247096	0.448319018	0.399487762	0.575613627	0.358963075	0.400576069	0.460693769	0.374700792	0.495112254	0.345700246	0.330888346	0.535801493	0.404033542	0.45722121	0.285952202	0.789140805	0.777274199	0.788254053	0.797477864	0.774910936	0.777009134	0.783609031	0.779998931	0.768025751	0.755717762	0.773819163	0.766486844	0.771047721	0.764144291	0.722918853	0.708158711	0.79102728	0.76777939	0.76395869	0.779788342	0.623553585	0.650259628	0.692108376	0.663152084	0.751250816	0.768192585	0.676703815	0.642441702	0.726687233	0.731510729	0.851671088	0.847131038	0.737856261	0.726512227	0.730315383	0.721084434	0.782559578	0.779768119	0.752327946	0.774511405	0.757065159	0.779131271	0.739943674	0.753055571	0.746895328	0.76240925	0.773309569	0.767236203	0.757163991	0.761054373	0.786785481
HD6	0.610084212	0.742333835	0.522375531	0.513442965	0.402568922	0.400020775	0.446937285	0.563796956	0.587164999	0.551082296	0.538862535	0.438723182	0.187108886	0.682549634	0.651892694	0.702425763	0.494406219	0.494268516	0.552783311	0.621155053	0.452364741	0.497825395	0.543320175	0.466036249	0.455274811	0.451186227	0	0.564930991	0.525520751	0.824541403	0.483894583	0.462226847	0.41465731	0.161243068	0.445543518	0.537434981	0.63587894	0.462384838	0.444159111	0.627307047	0.435350685	0.523859083	0.38313783	0.550606257	0.508818777	0.427772542	0.456514509	0.52666739	0.564089903	0.520039657	0.532714543	0.479139739	0.42627946	0.609171405	0.456616486	0.488185679	0.441615554	0.811088077	0.803745318	0.806230562	0.820978128	0.799272027	0.80245458	0.808709591	0.802915452	0.786443924	0.782317302	0.798083614	0.794127279	0.793453546	0.793878759	0.721781039	0.69895839	0.809871063	0.792419639	0.798171166	0.805251998	0.594101877	0.611564042	0.667206433	0.629139073	0.776639344	0.793544159	0.636981934	0.608580823	0.700316643	0.707311805	0.865621383	0.863532899	0.710118699	0.693788556	0.701595745	0.695073448	0.806134969	0.80408608	0.779959665	0.797678812	0.780010576	0.802257193	0.768432148	0.782063022	0.776723357	0.779958402	0.806294865	0.79864682	0.790405824	0.798789798	0.810668103
HD7	0.57523536	0.761683947	0.540698593	0.456146789	0.486472315	0.784395536	0.361416745	0.548038901	0.609078132	0.626483251	0.44019264	0.493641618	0.571533305	0.407135362	0.604301991	0.604367913	0.571285405	0.354428384	0.368670386	0.576171465	0.285857045	0.587940769	0.599937409	0.571933527	0.513680356	0.364431794	0.564930991	0	0.549688614	0.81694245	0.583385843	0.547439916	0.355481376	0.533886729	0.307405266	0.572521501	0.674557766	0.576209358	0.419925267	0.398904802	0.57898604	0.319329048	0.429249053	0.58334665	0.491963461	0.713091314	0.362246389	0.401258619	0.593498883	0.486777228	0.585318255	0.391020321	0.392044627	0.541818995	0.412644043	0.431817577	0.372346832	0.815939785	0.783342289	0.813456143	0.841590508	0.813998495	0.812799397	0.826992219	0.803673143	0.797713187	0.768994669	0.800548358	0.780067975	0.805852052	0.772891794	0.740799824	0.751639655	0.833474846	0.802987312	0.764725293	0.77087315	0.695530425	0.707390649	0.705984632	0.685998571	0.797443674	0.792418674	0.728068303	0.69544741	0.765428772	0.771667209	0.889992603	0.876029982	0.787673064	0.781029695	0.783653846	0.766096821	0.822555585	0.809466484	0.801620296	0.807752779	0.795326606	0.799074123	0.759830643	0.774844468	0.761203619	0.804831021	0.792789795	0.794618103	0.752496317	0.740498779	0.795238095
HE1	0.377562028	0.700084513	0.411111111	0.590730307	0.518473234	0.639612965	0.531580345	0.305478784	0.60348285	0.532073463	0.602908396	0.481805104	0.501778604	0.591786797	0.43447978	0.590674403	0.437693871	0.530803667	0.489032396	0.534167776	0.494027304	0.28147788	0.532124161	0.386755109	0.638060889	0.476137032	0.525520751	0.549688614	0	0.732869125	0.482191343	0.689072514	0.444766817	0.460501784	0.469466056	0.260218275	0.643427355	0.419534684	0.571291355	0.489189045	0.416272016	0.563043018	0.503567049	0.442049653	0.409182502	0.602595458	0.46562834	0.532031492	0.439681604	0.452248519	0.605691464	0.42431893	0.491533113	0.440344941	0.417537653	0.551650226	0.416150665	0.757145951	0.745163224	0.759849705	0.770623306	0.721498283	0.729446446	0.754979863	0.743359965	0.724844216	0.714582196	0.71221374	0.702018798	0.734302639	0.716054795	0.72619712	0.742027711	0.739546898	0.716364426	0.732842317	0.752492799	0.739690862	0.722449872	0.715391621	0.703402119	0.717299346	0.731745325	0.712538557	0.710959807	0.755302865	0.758155911	0.852022502	0.827924528	0.79876396	0.799707523	0.774418983	0.756750918	0.75081504	0.745198179	0.721744771	0.736361637	0.72265604	0.744118282	0.72147687	0.715649693	0.705473501	0.736338946	0.748325736	0.739936032	0.724454777	0.736131934	0.76167737
HE2	0.807917348	0.744047926	0.810662629	0.800779423	0.83234591	0.846980976	0.839011217	0.792099132	0.752128373	0.853975853	0.811342292	0.773333333	0.813972802	0.761206448	0.79833263	0.720262254	0.818390925	0.800364678	0.789023372	0.805998126	0.82223844	0.801836993	0.729086961	0.806640523	0.829401089	0.803050883	0.824541403	0.81694245	0.732869125	0	0.825335693	0.847125842	0.81967127	0.816392418	0.82382664	0.801181823	0.770667499	0.824783862	0.812633665	0.75347041	0.79588015	0.803283783	0.841686647	0.834507005	0.787834756	0.860358921	0.810771109	0.849339937	0.845643294	0.826513283	0.834434661	0.829924083	0.860495585	0.825469235	0.822275775	0.814886533	0.821509722	0.916838597	0.905324814	0.914590001	0.92383878	0.915512465	0.915835511	0.919914916	0.912740702	0.913374987	0.90032549	0.91007405	0.903323919	0.91295195	0.901397141	0.898305085	0.904398732	0.923530031	0.913735477	0.903340053	0.912027268	0.907897545	0.901249066	0.897772098	0.896193018	0.908554256	0.907060166	0.900581703	0.897977793	0.908988944	0.909286328	0.939987432	0.933828565	0.921703661	0.923361914	0.919640021	0.91217607	0.918024954	0.914882082	0.912740334	0.914477572	0.911263158	0.911722829	0.909152898	0.902975074	0.898869847	0.916140332	0.90956044	0.910584433	0.905065686	0.900185675	0.909919571
