	HA1	HA2	HA3	HA4	HA5	HA6	HA7	HB1	HB2	HB3	HB4	HB5	HB6	HB7	HC1	HC2	HC3	HC4	HC5	HC6	HC7	HD1	HD2	HD3	HD4	HD5	HD6	HD7	HE1	HE2	HE3	HE4	HE5	HE6	HE7	HF1	HF2	HF3	HF4	HF5	HF6	HF7	VA1	VA2	VA3	VA4	VA5	VD1	VD2	VD3	VD4	VD5	VF1	VF2	VF3	VF4	VF5
HA1	0	80.67978394	127.6859128	73.04970968	92.12918569	89.76822432	84.2583644	52.50985219	118.1636765	134.966386	74.19509356	92.15481624	74.84516643	76.259013	58.69453445	90.48020512	118.4584724	90.68722417	73.3911187	70.75177715	75.83815477	58.01168497	129.3127354	91.33264823	76.36408573	84.57032692	79.37329384	76.84895482	70.0978231	86.50358026	130.7556816	81.82571132	91.86979631	69.91561697	75.45728002	69.96202324	146.8217277	104.4262122	82.99179805	71.75928911	75.84278147	75.62828146	122.513255	147.1854386	114.8732986	117.3115508	121.8769072	106.6347051	147.7304442	124.7356634	116.8503153	131.799857	118.2416724	144.0570521	136.1467507	119.0727132	129.5880145
HA2	80.67978394	0	138.4355762	84.89788969	94.25944831	86.77185713	83.25495588	84.71126614	114.7399177	143.024979	71.78402091	97.12253806	74.90041672	84.38420934	65.76894846	70.0917884	129.9076655	101.8218839	75.68544105	71.17742498	77.59001085	88.51957548	127.4376826	101.683218	75.56542689	89.23135149	76.87857027	83.06118905	93.45791358	60.91525949	138.0896689	75.75195578	96.58468827	77.33206998	71.76344037	77.99499084	145.9584145	117.5994404	93.74109732	75.78906305	75.80498501	66.63962397	136.8700182	161.7447623	126.7801555	128.5753544	134.3308465	119.0211093	161.7745427	140.8138292	128.3836971	147.8904263	128.901753	158.4030567	150.82759	133.9579426	143.7179816
HA3	127.6859128	138.4355762	0	130.7204336	118.7196008	129.4062246	126.547218	126.6131588	114.8264487	62.17027457	132.4806343	115.1677316	124.9607136	130.4884515	128.2899214	139.2220262	61.99395835	133.7248143	122.5847651	131.4762371	124.9484202	119.1203193	117.6388444	97.20272477	132.539639	116.933321	129.7066777	128.7043706	116.3190282	140.9884455	77.55076134	135.2812811	113.6757907	126.7111204	128.1171683	121.4064083	126.6240573	88.16319666	130.590479	127.03801	130.9083326	131.7818015	109.9334714	110.6261128	117.0154504	108.9878819	110.7372206	121.9980359	111.2866706	115.0541441	116.9262778	111.7205486	117.3800773	109.617423	110.411897	119.1793198	109.8316648
HA4	73.04970968	84.89788969	130.7204336	0	92.28313571	90.91014981	83.37513865	69.74038793	123.5718357	138.0962777	55.87484665	94.23345705	79.56445682	68.49195339	70.4642477	88.1876552	120.7868493	78.63111493	74.06979434	63.03690095	77.67307495	77.43996115	134.5888487	96.32616173	63.2918773	88.76272379	81.1798426	72.78481558	85.61565474	90.14940561	131.8847046	70.01262671	93.59948459	72.26726396	75.20106678	80.32581118	151.2948853	106.762101	62.83167515	67.95549708	75.66329523	72.81700748	121.4821352	150.1879856	118.604204	117.4112008	122.615616	107.2716645	150.1873272	129.7929329	117.6839151	133.012448	117.7151352	148.040991	137.3389164	120.7766674	129.9939653
HA5	92.12918569	94.25944831	118.7196008	92.28313571	0	66.70624224	74.01769914	96.58437427	111.4620925	119.9084802	84.68472184	55.4970648	67.13432388	100.2610163	88.39603279	106.463347	109.4123217	109.6595025	73.54429295	93.69235585	79.91544655	88.29312933	121.9974184	83.30726521	78.10422795	57.82523156	70.06372251	95.98013664	90.43006324	95.31817577	118.580709	79.83986184	61.53387232	75.15973421	82.33548634	77.74927301	136.1568813	94.88037807	99.79263127	95.66491937	83.13025042	85.83655995	122.7822796	145.044456	124.070583	111.7626015	119.4684796	113.108953	144.2521104	123.7201452	116.0016996	135.08312	113.1166866	141.8777971	135.0504526	122.8766293	130.3566232
HA6	89.76822432	86.77185713	129.4062246	90.91014981	66.70624224	0	68.83140823	94.13291849	115.4733999	128.8055838	80.40180865	82.68597842	55.83632287	101.1121543	83.13103075	103.7150043	120.3910118	109.6228582	75.46606813	88.25414903	80.71082464	86.46945735	126.240216	90.45181386	70.52497251	82.04689126	51.82270761	95.32871703	91.95450579	85.27556114	127.3321919	70.25490544	80.33230033	66.19608998	79.51371743	73.48374626	142.6639194	104.4690996	98.32408862	95.5231929	75.24572281	80.46508492	131.1491485	156.5946599	132.4144458	121.3165772	129.0943662	117.2654829	155.8056928	134.8719069	125.1023312	144.2916011	120.9392757	153.3177607	145.6071884	132.6801821	140.6270446
HA7	84.2583644	83.25495588	126.547218	83.37513865	74.01769914	68.83140823	0	88.26783857	115.4865249	127.8242202	74.55054552	83.05228163	62.28610508	85.74345219	79.4601719	91.46850055	118.4704557	101.386218	69.65210353	84.72896113	62.83702453	84.27547574	126.2123844	91.42667443	68.72578463	77.74655306	66.0473095	78.91518204	90.8911072	81.96605227	126.9002958	73.20540407	81.88574863	70.54548541	65.80214591	76.49395815	143.1552776	105.1740819	93.1299123	89.93801143	73.74448821	69.98058091	125.9523758	153.6454357	126.9091362	118.5710634	125.6947662	112.7399613	152.8349019	133.3756785	122.4352396	139.0112999	117.5541673	149.898923	141.7487981	127.6031862	135.4197278
HB1	52.50985219	84.71126614	126.6131588	69.74038793	96.58437427	94.13291849	88.26783857	0	119.4852367	135.7376198	75.01722544	94.81462566	77.88193809	76.36402121	56.0636901	88.0935394	116.5968237	84.90648475	75.81481459	68.05819675	77.32136361	57.74896366	129.3487907	89.53236936	79.56228369	88.65969458	83.57535309	78.01924363	70.04418647	90.95501342	130.0310209	85.21746508	94.28497728	74.74539583	76.30848746	68.87246735	148.5188596	102.1020005	80.18664081	69.94142965	77.55044947	77.25431328	118.9831523	144.8011632	113.6677647	116.4139547	120.6178145	106.3859898	145.0580608	124.9517725	115.5375833	128.2912163	117.9358352	142.3971824	134.4762154	118.3937508	126.4053988
HB2	118.1636765	114.7399177	114.8264487	123.5718357	111.4620925	115.4733999	115.4865249	119.4852367	0	115.9123862	119.2511883	109.5858724	112.1447007	124.8862468	115.4422031	125.1419905	109.1715833	129.388984	111.0169795	119.990416	113.4417588	112.420065	60.55177055	102.7970461	118.2381315	108.5465941	115.2320515	122.2765729	110.6957241	120.5011401	110.9701524	121.1455795	109.1175844	115.92845	113.93738	109.3135261	82.96127066	107.1016755	126.4928577	116.9349526	119.6194123	118.3074627	122.8755341	126.1424043	124.4289897	119.333376	122.373723	126.9234315	125.8035247	127.3260033	125.2339309	127.2902756	124.8705272	126.5673817	123.9844421	128.610894	124.6693329
HB3	134.966386	143.024979	62.17027457	138.0962777	119.9084802	128.8055838	127.8242202	135.7376198	115.9123862	0	136.3786833	118.5574971	127.4813945	138.7363774	134.1357777	145.8471404	76.46916041	140.8305257	128.3483363	139.136146	130.9801176	127.5936011	117.4808635	104.0572944	135.6136048	122.9440149	130.4601668	136.2043595	126.2678299	144.2436041	77.06153284	136.9416543	117.7268968	129.8147627	132.4234259	126.2888834	124.4809772	96.09484849	137.3144364	136.5062614	134.4262737	136.4988752	114.8435747	112.6192499	125.873272	113.6486305	117.3393445	129.4950856	112.2169556	121.5296369	124.9096268	115.3887068	123.7705816	112.9812533	113.7257632	128.6302527	114.0459229
HB4	74.19509356	71.78402091	132.4806343	55.87484665	84.68472184	80.40180865	74.55054552	75.01722544	119.2511883	136.3786833	0	87.88602171	67.38337125	75.50395253	63.83259264	79.38880138	123.3948807	82.73881598	68.06954946	58.5458556	71.32255545	80.25325502	130.762349	94.76619081	50.07072312	83.46714599	68.18827202	72.56198088	89.53054837	79.77974651	133.1632953	58.73523188	88.84270625	63.47929056	67.82783249	75.46385706	148.8257477	109.9823008	73.07672198	75.04610442	65.29811982	64.35863014	127.5553632	156.4666044	125.2310184	121.5092401	128.2259113	111.6298171	156.0560779	135.00725	123.5169917	139.4912879	121.5638186	153.7868172	143.7131569	127.7981	137.1380129
HB5	92.15481624	97.12253806	115.1677316	94.23345705	55.4970648	82.68597842	83.05228163	94.81462566	109.5858724	118.5574971	87.88602171	0	75.9294719	99.16247582	89.52547145	105.4944394	105.0027323	108.4580306	74.10775196	94.5001596	82.21846115	87.82270852	120.0470295	82.58187484	85.18128399	58.24595664	82.62375188	97.20969155	87.5827281	99.3113401	116.5765789	90.42356907	59.04758213	85.32362593	83.23766222	81.09998851	133.2377182	92.08393545	100.3229409	93.90696349	90.25859959	89.32188802	119.0677202	138.7585059	117.6332851	106.7651125	114.1670753	111.1295704	138.6705468	119.4673687	110.4801797	131.0131316	111.1651942	135.9772214	130.4011546	117.7416649	124.3744872
HB6	74.84516643	74.90041672	124.9607136	79.56445682	67.13432388	55.83632287	62.28610508	77.88193809	112.1447007	127.4813945	67.38337125	75.9294719	0	86.51083732	63.88599104	86.38091568	115.6440253	99.10590177	58.41947767	70.47207398	68.24883831	73.12438122	122.6808478	83.03831208	61.19620702	75.36905005	43.20188501	82.89353656	81.93649475	78.05678394	125.4201819	64.65273496	77.55202021	53.28214865	65.24233067	60.4902427	142.2037376	101.7024665	87.74747796	81.74102734	56.28832057	68.44629338	126.6964083	154.2462061	126.4280803	118.835176	125.7278281	112.6021945	153.6781068	133.151692	122.2892557	140.0180574	119.0021631	150.687234	143.0268371	128.1434212	136.1265092
HB7	76.259013	84.38420934	130.4884515	68.49195339	100.2610163	101.1121543	85.74345219	76.36402121	124.8862468	138.7363774	75.50395253	99.16247582	86.51083732	0	77.1607743	86.91972468	123.5678974	86.34134942	79.82379021	74.23640838	76.58602323	82.829534	135.024799	102.307624	79.33425616	91.45057199	91.99099898	61.61193888	90.49789847	87.6559919	134.5526083	83.78468859	97.13349436	85.08161708	77.24343423	87.76367516	151.4921579	110.8917804	79.84251522	73.93137021	86.49633155	73.76881598	121.3134501	148.8944617	115.4200922	118.4350806	121.195729	108.3751304	149.6849975	129.0980857	117.3248835	132.0755238	118.7970317	146.1776719	136.8307321	119.1856516	128.9825373
HC1	58.69453445	65.76894846	128.2899214	70.4642477	88.39603279	83.13103075	79.4601719	56.0636901	115.4422031	134.1357777	63.83259264	89.52547145	63.88599104	77.1607743	0	75.47656945	117.9911717	89.98700446	66.40917448	57.09606765	71.98169785	63.59487358	126.381312	85.49820638	66.05830264	83.25612724	69.17792046	77.70383023	76.41973952	78.18911222	129.9377625	72.48612974	88.42672687	62.4506987	65.5827499	57.60336061	146.9259656	104.7457273	82.13033121	70.31403836	61.02287454	64.73641488	127.3447676	153.4951602	121.8112772	121.5366863	127.7310311	113.2302109	153.2465495	133.3394439	122.4486849	137.5350513	122.9883395	150.8038771	142.847439	126.769179	134.9988129
HC2	90.48020512	70.0917884	139.2220262	88.1876552	106.463347	103.7150043	91.46850055	88.0935394	125.1419905	145.8471404	79.38880138	105.4944394	86.38091568	86.91972468	75.47656945	0	132.9712128	102.9718732	79.95477325	77.09862073	83.35374706	95.04494722	133.9785984	107.7511247	85.72592366	97.09995796	91.96072455	85.3825946	101.2144021	77.13582413	142.8921281	89.14346736	105.2733905	89.96410778	81.66753171	89.67335422	152.2880575	123.5455696	100.0645679	87.75163878	78.37899936	75.6972363	132.6687312	163.1256891	128.8014505	131.5258597	134.1555942	120.8692964	162.9124078	145.6969169	133.6980322	147.1739421	132.7753482	156.3415032	152.212751	136.9920797	141.424677
HC3	118.4584724	129.9076655	61.99395835	120.7868493	109.4123217	120.3910118	118.4704557	116.5968237	109.1715833	76.46916041	123.3948807	105.0027323	115.6440253	123.5678974	117.9911717	132.9712128	0	124.5528058	113.592109	122.1619933	115.1838397	108.8157171	114.5893398	83.67627289	123.2982644	108.1187276	120.3833951	122.8177699	106.7479711	133.7012029	76.8033295	126.7857686	103.8662504	117.3864689	118.3820525	110.6108617	124.4449351	73.84902066	121.193536	118.1453953	123.1417133	124.0075017	110.5754202	113.7572376	115.7881424	106.2988913	110.2706757	117.7872723	114.0234977	112.8413429	113.2337859	113.8926566	112.829734	113.3772983	111.8591229	115.738012	111.7506632
HC4	90.68722417	101.8218839	133.7248143	78.63111493	109.6595025	109.6228582	101.386218	84.90648475	129.388984	140.8305257	82.73881598	108.4580306	99.10590177	86.34134942	89.98700446	102.9718732	124.5528058	0	92.91131719	87.55982227	95.14274964	90.79015246	138.7673024	106.7425018	91.49362733	104.2237527	101.2837343	92.47258636	99.70313838	107.9444862	135.8273757	95.9933081	107.6620519	93.87752499	93.21881364	97.18030467	154.4821612	114.444527	77.44729891	88.42302838	97.92020319	94.27465994	114.3063717	139.3491661	112.5720125	114.9849804	115.1035938	106.5021124	139.5554221	120.506419	116.3852474	122.1098138	113.9369062	137.414891	127.4734841	116.8433873	122.0785351
HC5	73.3911187	75.68544105	122.5847651	74.06979434	73.54429295	75.46606813	69.65210353	75.81481459	111.0169795	128.3483363	68.06954946	74.10775196	58.41947767	79.82379021	66.40917448	79.95477325	113.592109	92.91131719	0	70.06668707	65.87051046	72.69119547	121.3720969	82.34874701	67.37937051	64.91529674	66.47995827	77.19318635	79.91502784	78.56017098	123.995266	73.15003503	74.29040809	67.63685972	64.70317875	66.1423201	141.1908144	101.6372891	85.77276467	73.19659592	70.88032401	65.06532378	123.6831823	150.1822263	121.122529	117.6090045	122.2013739	109.7173554	150.5212078	130.6936948	119.5251656	137.1006903	117.6627028	146.9933203	140.2646358	124.65523	131.9368477
HC6	70.75177715	71.17742498	131.4762371	63.03690095	93.69235585	88.25414903	84.72896113	68.05819675	119.990416	139.136146	58.5458556	94.5001596	70.47207398	74.23640838	57.09606765	77.09862073	122.1619933	87.55982227	70.06668707	0	76.43986008	75.28511459	130.749179	94.45453502	69.97037538	88.12291702	75.01295178	77.29667363	85.80435827	82.08932348	134.7005055	75.69678454	93.12738117	66.9951952	73.55097234	72.60034235	151.3244531	110.3561615	78.49723161	69.93101677	65.94010927	70.51944874	126.7620909	154.3869677	121.6744649	122.0059995	126.2599632	112.917792	154.2901987	134.2398405	122.7408067	137.6017158	123.4945851	151.1258291	142.9347715	126.7258278	134.8671309
HC7	75.83815477	77.59001085	124.9484202	77.67307495	79.91544655	80.71082464	62.83702453	77.32136361	113.4417588	130.9801176	71.32255545	82.21846115	68.24883831	76.58602323	71.98169785	83.35374706	115.1838397	95.14274964	65.87051046	76.43986008	0	75.59119859	124.9724336	88.36268939	70.78318265	69.69968485	74.87736818	72.94438111	82.60613006	84.51695519	126.1425638	74.06050927	81.54135884	71.27883846	60.56761714	74.24766278	142.326943	101.5024949	87.32820268	77.08127404	78.29136874	63.18317864	123.1556386	149.6199894	120.2395841	117.3622873	122.3387195	109.366609	149.277044	129.6621363	118.2438024	135.9213057	116.7283474	146.0521456	138.717759	123.5279875	131.778502
HD1	58.01168497	88.51957548	119.1203193	77.43996115	88.29312933	86.46945735	84.27547574	57.74896366	112.420065	127.5936011	80.25325502	87.82270852	73.12438122	82.829534	63.59487358	95.04494722	108.8157171	90.79015246	72.69119547	75.28511459	75.59119859	0	122.9406768	80.49540353	80.86640821	81.06488798	79.77011799	81.74140847	62.69921282	95.20605504	122.2635128	86.62018713	87.02446167	72.07560599	77.62091524	63.99975433	140.7366427	95.4661279	84.32679237	75.57515994	81.48099201	80.76935549	120.2528098	142.850712	115.1024482	115.5648207	119.8870147	108.021591	143.1447706	124.3800002	116.0130683	130.5262219	116.2895002	140.6363877	133.0601109	118.9837304	127.2351107
HD2	129.3127354	127.4376826	117.6388444	134.5888487	121.9974184	126.240216	126.2123844	129.3487907	60.55177055	117.4808635	130.762349	120.0470295	122.6808478	135.024799	126.381312	133.9785984	114.5893398	138.7673024	121.3720969	130.749179	124.9724336	122.9406768	0	112.7254192	130.1918611	119.8504173	125.7834914	133.0709442	121.4733279	130.4451526	112.2984778	132.9395634	119.3689768	127.5874576	125.2396332	120.5365644	73.77056337	114.44653	137.1105397	128.9928283	128.5665091	129.2967807	123.0830884	123.693628	128.3826281	124.3335191	125.6573903	134.4049738	123.3085854	130.8010479	132.1741496	126.2774067	131.9664244	123.1231169	124.267664	135.0339372	123.5134313
HD3	91.33264823	101.683218	97.20272477	96.32616173	83.30726521	90.45181386	91.42667443	89.53236936	102.7970461	104.0572944	94.76619081	82.58187484	83.03831208	102.307624	85.49820638	107.7511247	83.67627289	106.7425018	82.34874701	94.45453502	88.36268939	80.49540353	112.7254192	0	93.51173398	83.29911751	89.05143378	100.8199504	82.02817723	106.1885634	98.83024155	98.17270686	81.05389376	86.63149143	88.17590949	77.296871	129.2182154	72.85526579	100.4474659	94.02034549	92.54431847	94.69750381	116.3913396	131.621395	116.0106771	107.4183116	114.7341696	110.3575773	131.2697733	119.9450025	112.5501765	124.1814385	110.9571063	130.2955454	123.8612862	117.983046	120.8323893
HD4	76.36408573	75.56542689	132.539639	63.2918773	78.10422795	70.52497251	68.72578463	79.56228369	118.2381315	135.6136048	50.07072312	85.18128399	61.19620702	79.33425616	66.05830264	85.72592366	123.2982644	91.49362733	67.37937051	69.97037538	70.78318265	80.86640821	130.1918611	93.51173398	0	81.0944441	60.30484637	75.63918715	90.03226391	78.10849912	132.8932744	41.34035475	85.50316424	61.0132368	65.81897971	72.77175597	146.3124619	109.727958	74.35675727	79.99959745	64.78857779	62.76130988	129.3022146	158.2544559	128.2581763	121.3785726	129.9072372	113.1658737	157.4955433	136.9619683	123.9794194	142.3430305	121.8568738	155.4156417	145.341209	128.7103354	138.6687398
HD5	84.57032692	89.23135149	116.933321	88.76272379	57.82523156	82.04689126	77.74655306	88.65969458	108.5465941	122.9440149	83.46714599	58.24595664	75.36905005	91.45057199	83.25612724	97.09995796	108.1187276	104.2237527	64.91529674	88.12291702	69.69968485	81.06488798	119.8504173	83.29911751	81.0944441	0	82.20506265	87.77275181	83.27567506	91.51672853	119.3545752	86.0625496	62.44480547	81.8382514	76.55792506	79.39075385	135.4551907	95.60185502	96.94495134	85.84667423	88.94145705	79.28359699	120.0437696	141.7022425	115.6985291	110.6409173	115.8030149	108.8519021	141.7896743	121.8651308	113.6636758	132.7595404	112.1155295	138.769246	133.2972504	118.6165706	126.1911695
HD6	79.37329384	76.87857027	129.7066777	81.1798426	70.06372251	51.82270761	66.0473095	83.57535309	115.2320515	130.4601668	68.18827202	82.62375188	43.20188501	91.99099898	69.17792046	91.96072455	120.3833951	101.2837343	66.47995827	75.01295178	74.87736818	79.77011799	125.7834914	89.05143378	60.30484637	82.20506265	0	82.99269997	84.23505167	75.59847187	127.7401741	57.44728953	78.99261799	47.35671897	66.40228612	61.20427669	142.8230806	103.8973812	86.80319094	82.98452261	54.60632117	67.04725134	128.305327	156.0312271	129.0873069	119.209141	127.6113524	113.1229047	155.2033397	133.7552698	123.2945095	141.9929776	119.2299708	152.9830163	143.805644	129.4510008	138.2526762
HD7	76.84895482	83.06118905	128.7043706	72.78481558	95.98013664	95.32871703	78.91518204	78.01924363	122.2765729	136.2043595	72.56198088	97.20969155	82.89353656	61.61193888	77.70383023	85.3825946	122.8177699	92.47258636	77.19318635	77.29667363	72.94438111	81.74140847	133.0709442	100.8199504	75.63918715	87.77275181	82.99269997	0	84.49558854	82.92888426	131.1575425	77.1992006	90.33600405	76.12405121	70.42322412	80.85012676	147.3820486	107.4142346	79.41158589	71.66571859	77.6031763	63.16235644	120.1553047	149.9282579	116.3973523	117.2710075	119.8727081	104.5882962	150.0123595	128.5456783	116.6291438	132.9527613	115.1658584	145.211005	137.4284571	119.2510958	129.3617687
HE1	70.0978231	93.45791358	116.3190282	85.61565474	90.43006324	91.95450579	90.8911072	70.04418647	110.6957241	126.2678299	89.53054837	87.5827281	81.93649475	90.49789847	76.41973952	101.2144021	106.7479711	99.70313838	79.91502784	85.80435827	82.60613006	62.69921282	121.4733279	82.02817723	90.03226391	83.27567506	84.23505167	84.49558854	0	95.46392142	115.9021048	90.86672417	81.50963541	76.32859692	79.06591661	61.13745932	134.8719082	88.42032779	84.50367418	74.20334562	85.50241601	83.84046079	113.5172875	135.7382017	108.280663	107.8897835	112.1511896	101.5532813	135.9164132	116.3223261	108.0425779	124.3737518	108.2465115	133.1790494	126.3280803	111.9215729	120.237667
HE2	86.50358026	60.91525949	140.9884455	90.14940561	95.31817577	85.27556114	81.96605227	90.95501342	120.5011401	144.2436041	79.77974651	99.3113401	78.05678394	87.6559919	78.18911222	77.13582413	133.7012029	107.9444862	78.56017098	82.08932348	84.51695519	95.20605504	130.4451526	106.1885634	78.10849912	91.51672853	75.59847187	82.92888426	95.46392142	0	140.4580183	74.51157195	97.78576498	82.44848976	75.12307336	82.37779506	146.2083878	120.7122306	98.26208868	85.32738865	73.64533072	68.4248554	135.2598325	163.1762332	128.4657912	128.0664004	133.6521983	118.7895431	163.0031344	141.9816183	129.0750916	148.9807852	129.1495337	158.5020072	151.2524545	134.6513137	144.3708097
HE3	130.7556816	138.0896689	77.55076134	131.8847046	118.580709	127.3321919	126.9002958	130.0310209	110.9701524	77.06153284	133.1632953	116.5765789	125.4201819	134.5526083	129.9377625	142.8921281	76.8033295	135.8273757	123.995266	134.7005055	126.1425638	122.2635128	112.2984778	98.83024155	132.8932744	119.3545752	127.7401741	131.1575425	115.9021048	140.4580183	0	132.8431707	111.3705203	125.0693116	125.7678228	119.4625431	115.9071259	83.2147788	129.4661839	126.0892095	131.2036971	131.2816104	108.801836	106.1433483	117.7864023	107.5596648	111.452085	122.0181572	105.6221009	115.7839638	117.9564176	109.348387	116.5468536	106.4550989	105.3292154	121.3928662	108.2411514
HE4	81.82571132	75.75195578	135.2812811	70.01262671	79.83986184	70.25490544	73.20540407	85.21746508	121.1455795	136.9416543	58.73523188	90.42356907	64.65273496	83.78468859	72.48612974	89.14346736	126.7857686	95.9933081	73.15003503	75.69678454	74.06050927	86.62018713	132.9395634	98.17270686	41.34035475	86.0625496	57.44728953	77.1992006	90.86672417	74.51157195	132.8431707	0	86.14804475	59.47698846	66.0691427	73.68785715	147.1649545	110.7058342	75.71614695	80.07190774	64.27967403	61.41614847	129.5682402	158.6603125	128.8232527	121.2892219	130.4127614	113.6932917	157.9443017	136.7525091	123.7885862	142.9437825	121.7754104	155.9888981	145.8226908	130.0323578	139.5343959
HE5	91.86979631	96.58468827	113.6757907	93.59948459	61.53387232	80.33230033	81.88574863	94.28497728	109.1175844	117.7268968	88.84270625	59.04758213	77.55202021	97.13349436	88.42672687	105.2733905	103.8662504	107.6620519	74.29040809	93.12738117	81.54135884	87.02446167	119.3689768	81.05389376	85.50316424	62.44480547	78.99261799	90.33600405	81.50963541	97.78576498	111.3705203	86.14804475	0	79.29432175	77.64435906	75.51354295	131.1006769	85.70906752	95.52332098	87.08593108	86.09265319	83.75366435	115.1218633	137.5076681	114.9705818	104.2095526	111.2572023	106.4240797	137.1099723	118.2186961	108.0899579	127.763884	105.2177338	134.0579052	128.0997383	114.9833781	121.9774943
HE6	69.91561697	77.33206998	126.7111204	72.26726396	75.15973421	66.19608998	70.54548541	74.74539583	115.92845	129.8147627	63.47929056	85.32362593	53.28214865	85.08161708	62.4506987	89.96410778	117.3864689	93.87752499	67.63685972	66.9951952	71.27883846	72.07560599	127.5874576	86.63149143	61.0132368	81.8382514	47.35671897	76.12405121	76.32859692	82.44848976	125.0693116	59.47698846	79.29432175	0	63.06948686	57.35892431	143.4008826	98.86157566	76.76275305	73.26102312	49.79803043	65.8777946	123.5423843	151.5022175	123.2353406	115.9705639	123.5078514	108.6792129	150.7876222	129.2095663	119.4387064	135.990776	115.908128	148.6828336	138.8370095	124.4196706	133.1469575
HE7	75.45728002	71.76344037	128.1171683	75.20106678	82.33548634	79.51371743	65.80214591	76.30848746	113.93738	132.4234259	67.82783249	83.23766222	65.24233067	77.24343423	65.5827499	81.66753171	118.3820525	93.21881364	64.70317875	73.55097234	60.56761714	77.62091524	125.2396332	88.17590949	65.81897971	76.55792506	66.40228612	70.42322412	79.06591661	75.12307336	125.7678228	66.0691427	77.64435906	63.06948686	0	62.41056482	141.8455269	100.7694563	80.39521619	69.52774981	64.38115921	49.89295072	123.2281361	150.5951937	119.6370212	114.692769	123.1513319	107.910784	149.8505442	130.2938274	116.9377499	135.7298643	115.3517539	147.4497169	137.638915	122.512596	131.3999713
HF1	69.96202324	77.99499084	121.4064083	80.32581118	77.74927301	73.48374626	76.49395815	68.87246735	109.3135261	126.2888834	75.46385706	81.09998851	60.4902427	87.76367516	57.60336061	89.67335422	110.6108617	97.18030467	66.1423201	72.60034235	74.24766278	63.99975433	120.5365644	77.296871	72.77175597	79.39075385	61.20427669	80.85012676	61.13745932	82.37779506	119.4625431	73.68785715	75.51354295	57.35892431	62.41056482	0	137.3263702	93.27006203	83.47250965	72.55158776	64.13386375	67.40607168	121.3574941	146.3873954	118.3554623	112.9319773	119.9065616	107.2454535	145.7331984	125.8722168	114.833563	132.9901319	113.2309653	143.1345753	135.1875239	121.2690252	129.1185695
HF2	146.8217277	145.9584145	126.6240573	151.2948853	136.1568813	142.6639194	143.1552776	148.5188596	82.96127066	124.4809772	148.8257477	133.2377182	142.2037376	151.4921579	146.9259656	152.2880575	124.4449351	154.4821612	141.1908144	151.3244531	142.326943	140.7366427	73.77056337	129.2182154	146.3124619	135.4551907	142.8230806	147.3820486	134.8719082	146.2083878	115.9071259	147.1649545	131.1006769	143.4008826	141.8455269	137.3263702	0	123.2444903	149.8080412	143.6814281	146.3405644	144.5352267	124.176171	116.5668801	131.5398757	126.2951692	127.8047543	141.7526475	117.0350722	130.7444336	135.5121455	125.5006465	135.3463213	117.3863016	120.5134187	137.9475695	123.6536557
HF3	104.4262122	117.5994404	88.16319666	106.762101	94.88037807	104.4690996	105.1740819	102.1020005	107.1016755	96.09484849	109.9823008	92.08393545	101.7024665	110.8917804	104.7457273	123.5455696	73.84902066	114.444527	101.6372891	110.3561615	101.5024949	95.4661279	114.44653	72.85526579	109.727958	95.60185502	103.8973812	107.4142346	88.42032779	120.7122306	83.2147788	110.7058342	85.70906752	98.86157566	100.7694563	93.27006203	123.2444903	0	105.3513354	101.159023	107.235247	108.6169449	106.3311306	118.6666838	108.1134499	98.66199312	103.5957498	104.8082509	118.3905544	108.7053457	103.3079369	112.9713469	101.6856482	117.46328	111.2849302	107.5900141	109.4740142
HF4	82.99179805	93.74109732	130.590479	62.83167515	99.79263127	98.32408862	93.1299123	80.18664081	126.4928577	137.3144364	73.07672198	100.3229409	87.74747796	79.84251522	82.13033121	100.0645679	121.193536	77.44729891	85.77276467	78.49723161	87.32820268	84.32679237	137.1105397	100.4474659	74.35675727	96.94495134	86.80319094	79.41158589	84.50367418	98.26208868	129.4661839	75.71614695	95.52332098	76.76275305	80.39521619	83.47250965	149.8080412	105.3513354	0	71.81820352	84.07405908	81.54184881	115.3358792	143.6129196	112.8025838	111.252499	117.0783813	101.9099954	143.4282074	122.5797954	111.3960176	126.2505425	112.4821452	141.5284426	130.4397789	114.3154668	123.8387767
HF5	71.75928911	75.78906305	127.03801	67.95549708	95.66491937	95.5231929	89.93801143	69.94142965	116.9349526	136.5062614	75.04610442	93.90696349	81.74102734	73.93137021	70.31403836	87.75163878	118.1453953	88.42302838	73.19659592	69.93101677	77.08127404	75.57515994	128.9928283	94.02034549	79.99959745	85.84667423	82.98452261	71.66571859	74.20334562	85.32738865	126.0892095	80.07190774	87.08593108	73.26102312	69.52774981	72.55158776	143.6814281	101.159023	71.81820352	0	79.01807429	69.11279234	119.4646526	143.6687534	110.1282366	112.7714915	117.3034761	103.7219233	143.9183789	124.5023154	111.697544	129.2378191	114.4189003	141.3769359	132.9009679	115.5959112	125.4245027
HF6	75.84278147	75.80498501	130.9083326	75.66329523	83.13025042	75.24572281	73.74448821	77.55044947	119.6194123	134.4262737	65.29811982	90.25859959	56.28832057	86.49633155	61.02287454	78.37899936	123.1417133	97.92020319	70.88032401	65.94010927	78.29136874	81.48099201	128.5665091	92.54431847	64.78857779	88.94145705	54.60632117	77.6031763	85.50241601	73.64533072	131.2036971	64.27967403	86.09265319	49.79803043	64.38115921	64.13386375	146.3405644	107.235247	84.07405908	79.01807429	0	64.49106971	125.5624475	155.9632096	125.2985111	119.6729854	126.6325778	111.7282071	154.7436583	135.021725	124.5086655	138.747024	121.2485254	151.1051895	143.0392304	127.9649301	135.4272595
HF7	75.62828146	66.63962397	131.7818015	72.81700748	85.83655995	80.46508492	69.98058091	77.25431328	118.3074627	136.4988752	64.35863014	89.32188802	68.44629338	73.76881598	64.73641488	75.6972363	124.0075017	94.27465994	65.06532378	70.51944874	63.18317864	80.76935549	129.2967807	94.69750381	62.76130988	79.28359699	67.04725134	63.16235644	83.84046079	68.4248554	131.2816104	61.41614847	83.75366435	65.8777946	49.89295072	67.40607168	144.5352267	108.6169449	81.54184881	69.11279234	64.49106971	0	126.7334381	155.7171214	121.9643859	119.9170355	125.8421657	109.1943044	155.3966944	134.635414	121.1823684	140.3348979	119.8143155	151.578408	143.2058397	126.3082123	135.4275604
VA1	122.513255	136.8700182	109.9334714	121.4821352	122.7822796	131.1491485	125.9523758	118.9831523	122.8755341	114.8435747	127.5553632	119.0677202	126.6964083	121.3134501	127.3447676	132.6687312	110.5754202	114.3063717	123.6831823	126.7620909	123.1556386	120.2528098	123.0830884	116.3913396	129.3022146	120.0437696	128.305327	120.1553047	113.5172875	135.2598325	108.801836	129.5682402	115.1218633	123.5423843	123.2281361	121.3574941	124.176171	106.3311306	115.3358792	119.4646526	125.5624475	126.7334381	0	72.86646127	72.43785156	71.45707061	67.43923226	36.54840884	72.14368454	75.57082962	84.87751542	54.25751288	34.11411605	68.8909935	64.97829475	86.64064658	50.62895912
VA2	147.1854386	161.7447623	110.6261128	150.1879856	145.044456	156.5946599	153.6454357	144.8011632	126.1424043	112.6192499	156.4666044	138.7585059	154.2462061	148.8944617	153.4951602	163.1256891	113.7572376	139.3491661	150.1822263	154.3869677	149.6199894	142.850712	123.693628	131.621395	158.2544559	141.7022425	156.0312271	149.9282579	135.7382017	163.1762332	106.1433483	158.6603125	137.5076681	151.5022175	150.5951937	146.3873954	116.5668801	118.6666838	143.6129196	143.6687534	155.9632096	155.7171214	72.86646127	0	90.36307878	89.77601087	85.48475806	113.0494101	24.98373623	84.7533815	103.6144237	58.55415128	105.3852787	28.85235981	53.03123159	101.1921489	61.43332199
VA3	114.8732986	126.7801555	117.0154504	118.604204	124.070583	132.4144458	126.9091362	113.6677647	124.4289897	125.873272	125.2310184	117.6332851	126.4280803	115.4200922	121.8112772	128.8014505	115.7881424	112.5720125	121.122529	121.6744649	120.2395841	115.1024482	128.3826281	116.0106771	128.2581763	115.6985291	129.0873069	116.3973523	108.280663	128.4657912	117.7864023	128.8232527	114.9705818	123.2353406	119.6370212	118.3554623	131.5398757	108.1134499	112.8025838	110.1282366	125.2985111	121.9643859	72.43785156	90.36307878	0	76.83561656	73.70186238	80.27370255	90.80388066	34.14504631	77.70729358	77.60737044	89.8649104	87.59493707	30.35164024	73.68944708	70.34924319
VA4	117.3115508	128.5753544	108.9878819	117.4112008	111.7626015	121.3165772	118.5710634	116.4139547	119.333376	113.6486305	121.5092401	106.7651125	118.835176	118.4350806	121.5366863	131.5258597	106.2988913	114.9849804	117.6090045	122.0059995	117.3622873	115.5648207	124.3335191	107.4183116	121.3785726	110.6409173	119.209141	117.2710075	107.8897835	128.0664004	107.5596648	121.2892219	104.2095526	115.9705639	114.692769	112.9319773	126.2951692	98.66199312	111.252499	112.7714915	119.6729854	119.9170355	71.45707061	89.77601087	76.83561656	0	73.08478822	85.40311341	88.83289307	80.12977001	36.16356931	77.58151332	78.4050159	87.96421526	76.5137209	42.93859856	70.78315511
VA5	121.8769072	134.3308465	110.7372206	122.615616	119.4684796	129.0943662	125.6947662	120.6178145	122.373723	117.3393445	128.2259113	114.1670753	125.7278281	121.195729	127.7310311	134.1555942	110.2706757	115.1035938	122.2013739	126.2599632	122.3387195	119.8870147	125.6573903	114.7341696	129.9072372	115.8030149	127.6113524	119.8727081	112.1511896	133.6521983	111.452085	130.4127614	111.2572023	123.5078514	123.1513319	119.9065616	127.8047543	103.5957498	117.0783813	117.3034761	126.6325778	125.8421657	67.43923226	85.48475806	73.70186238	73.08478822	0	84.80648609	85.26651497	70.20101824	75.38609114	33.68650923	80.0674173	79.96162841	76.90717348	79.59776779	37.8292785
VD1	106.6347051	119.0211093	121.9980359	107.2716645	113.108953	117.2654829	112.7399613	106.3859898	126.9234315	129.4950856	111.6298171	111.1295704	112.6021945	108.3751304	113.2302109	120.8692964	117.7872723	106.5021124	109.7173554	112.917792	109.366609	108.021591	134.4049738	110.3575773	113.1658737	108.8519021	113.1229047	104.5882962	101.5532813	118.7895431	122.0181572	113.6932917	106.4240797	108.6792129	107.910784	107.2454535	141.7526475	104.8082509	101.9099954	103.7219233	111.7282071	109.1943044	36.54840884	113.0494101	80.27370255	85.40311341	84.80648609	0	112.9847921	90.60837518	85.50666556	97.99159635	30.35393886	108.0265635	99.3049622	82.2514217	92.21841534
VD2	147.7304442	161.7745427	111.2866706	150.1873272	144.2521104	155.8056928	152.8349019	145.0580608	125.8035247	112.2169556	156.0560779	138.6705468	153.6781068	149.6849975	153.2465495	162.9124078	114.0234977	139.5554221	150.5212078	154.2901987	149.277044	143.1447706	123.3085854	131.2697733	157.4955433	141.7896743	155.2033397	150.0123595	135.9164132	163.0031344	105.6221009	157.9443017	137.1099723	150.7876222	149.8505442	145.7331984	117.0350722	118.3905544	143.4282074	143.9183789	154.7436583	155.3966944	72.14368454	24.98373623	90.80388066	88.83289307	85.26651497	112.9847921	0	84.54748324	104.1517361	56.35003056	105.2603349	28.79104759	51.86557454	102.4901407	60.65382942
VD3	124.7356634	140.8138292	115.0541441	129.7929329	123.7201452	134.8719069	133.3756785	124.9517725	127.3260033	121.5296369	135.00725	119.4673687	133.151692	129.0980857	133.3394439	145.6969169	112.8413429	120.506419	130.6936948	134.2398405	129.6621363	124.3800002	130.8010479	119.9450025	136.9619683	121.8651308	133.7552698	128.5456783	116.3223261	141.9816183	115.7839638	136.7525091	118.2186961	129.2095663	130.2938274	125.8722168	130.7444336	108.7053457	122.5797954	124.5023154	135.021725	134.635414	75.57082962	84.7533815	34.14504631	80.12977001	70.20101824	90.60837518	84.54748324	0	81.77904377	77.28000535	87.97383681	84.41634282	36.82704867	80.98378986	73.89871338
VD4	116.8503153	128.3836971	116.9262778	117.6839151	116.0016996	125.1023312	122.4352396	115.5375833	125.2339309	124.9096268	123.5169917	110.4801797	122.2892557	117.3248835	122.4486849	133.6980322	113.2337859	116.3852474	119.5251656	122.7408067	118.2438024	116.0130683	132.1741496	112.5501765	123.9794194	113.6636758	123.2945095	116.6291438	108.0425779	129.0750916	117.9564176	123.7885862	108.0899579	119.4387064	116.9377499	114.833563	135.5121455	103.3079369	111.3960176	111.697544	124.5086655	121.1823684	84.87751542	103.6144237	77.70729358	36.16356931	75.38609114	85.50666556	104.1517361	81.77904377	0	92.30920344	84.61793417	101.7096179	92.28751208	37.46545194	86.54256477
VD5	131.799857	147.8904263	111.7205486	133.012448	135.08312	144.2916011	139.0112999	128.2912163	127.2902756	115.3887068	139.4912879	131.0131316	140.0180574	132.0755238	137.5350513	147.1739421	113.8926566	122.1098138	137.1006903	137.6017158	135.9213057	130.5262219	126.2774067	124.1814385	142.3430305	132.7595404	141.9929776	132.9527613	124.3737518	148.9807852	109.348387	142.9437825	127.763884	135.990776	135.7298643	132.9901319	125.5006465	112.9713469	126.2505425	129.2378191	138.747024	140.3348979	54.25751288	58.55415128	77.60737044	77.58151332	33.68650923	97.99159635	56.35003056	77.28000535	92.30920344	0	92.89101072	58.59408565	53.28019899	90.93682007	39.21781329
VF1	118.2416724	128.901753	117.3800773	117.7151352	113.1166866	120.9392757	117.5541673	117.9358352	124.8705272	123.7705816	121.5638186	111.1651942	119.0021631	118.7970317	122.9883395	132.7753482	112.829734	113.9369062	117.6627028	123.4945851	116.7283474	116.2895002	131.9664244	110.9571063	121.8568738	112.1155295	119.2299708	115.1658584	108.2465115	129.1495337	116.5468536	121.7754104	105.2177338	115.908128	115.3517539	113.2309653	135.3463213	101.6856482	112.4821452	114.4189003	121.2485254	119.8143155	34.11411605	105.3852787	89.8649104	78.4050159	80.0674173	30.35393886	105.2603349	87.97383681	84.61793417	92.89101072	0	100.9298267	91.73487612	88.38715612	86.66503752
VF2	144.0570521	158.4030567	109.617423	148.040991	141.8777971	153.3177607	149.898923	142.3971824	126.5673817	112.9812533	153.7868172	135.9772214	150.687234	146.1776719	150.8038771	156.3415032	113.3772983	137.414891	146.9933203	151.1258291	146.0521456	140.6363877	123.1231169	130.2955454	155.4156417	138.769246	152.9830163	145.211005	133.1790494	158.5020072	106.4550989	155.9888981	134.0579052	148.6828336	147.4497169	143.1345753	117.3863016	117.46328	141.5284426	141.3769359	151.1051895	151.578408	68.8909935	28.85235981	87.59493707	87.96421526	79.96162841	108.0265635	28.79104759	84.41634282	101.7096179	58.59408565	100.9298267	0	57.22173294	99.10165792	59.31790974
VF3	136.1467507	150.82759	110.411897	137.3389164	135.0504526	145.6071884	141.7487981	134.4762154	123.9844421	113.7257632	143.7131569	130.4011546	143.0268371	136.8307321	142.847439	152.212751	111.8591229	127.4734841	140.2646358	142.9347715	138.717759	133.0601109	124.267664	123.8612862	145.341209	133.2972504	143.805644	137.4284571	126.3280803	151.2524545	105.3292154	145.8226908	128.0997383	138.8370095	137.638915	135.1875239	120.5134187	111.2849302	130.4397789	132.9009679	143.0392304	143.2058397	64.97829475	53.03123159	30.35164024	76.5137209	76.90717348	99.3049622	51.86557454	36.82704867	92.28751208	53.28019899	91.73487612	57.22173294	0	89.79034753	56.12354889
VF4	119.0727132	133.9579426	119.1793198	120.7766674	122.8766293	132.6801821	127.6031862	118.3937508	128.610894	128.6302527	127.7981	117.7416649	128.1434212	119.1856516	126.769179	136.9920797	115.738012	116.8433873	124.65523	126.7258278	123.5279875	118.9837304	135.0339372	117.983046	128.7103354	118.6165706	129.4510008	119.2510958	111.9215729	134.6513137	121.3928662	130.0323578	114.9833781	124.4196706	122.512596	121.2690252	137.9475695	107.5900141	114.3154668	115.5959112	127.9649301	126.3082123	86.64064658	101.1921489	73.68944708	42.93859856	79.59776779	82.2514217	102.4901407	80.98378986	37.46545194	90.93682007	88.38715612	99.10165792	89.79034753	0	85.42317366
VF5	129.5880145	143.7179816	109.8316648	129.9939653	130.3566232	140.6270446	135.4197278	126.4053988	124.6693329	114.0459229	137.1380129	124.3744872	136.1265092	128.9825373	134.9988129	141.424677	111.7506632	122.0785351	131.9368477	134.8671309	131.778502	127.2351107	123.5134313	120.8323893	138.6687398	126.1911695	138.2526762	129.3617687	120.237667	144.3708097	108.2411514	139.5343959	121.9774943	133.1469575	131.3999713	129.1185695	123.6536557	109.4740142	123.8387767	125.4245027	135.4272595	135.4275604	50.62895912	61.43332199	70.34924319	70.78315511	37.8292785	92.21841534	60.65382942	73.89871338	86.54256477	39.21781329	86.66503752	59.31790974	56.12354889	85.42317366	0

	MA1	MA2	MA3	MA4	MA5	MA6	MB1	MB2	MB3	MB4	MB5	MB6	MC1	MC2	MC3	MC4	MC5	MC6	MD1	MD2	MD3	MD4	MD5	MD6	ME1	ME2	ME3	ME4	ME5	ME6	MF1	MF2	MF3	MF4	MF5	MF6	YA1	YA2	YA3	YA4	YA5	YD1	YD2	YD3	YD4	YD5	YF1	YF2	YF3	YF4	YF5
MA1	0	81.13632975	77.02984604	70.96583085	83.97387268	82.48808862	80.15092905	68.26432316	83.88396747	97.12734675	85.76455489	94.32900925	81.34570199	100.4265505	102.9977653	115.5705839	86.25512611	79.62858558	87.26922017	83.7567171	110.4993293	101.7611137	105.053399	101.7396017	87.41843754	85.38109729	83.75826396	91.46506836	122.6599911	123.7396833	131.2957462	121.6473619	124.8979971	127.115256	122.94216	119.4681381	90.05015212	87.4601956	96.6466915	91.11846192	96.23365663	90.92453006	94.18444234	89.83065312	102.2708221	74.69196639	83.99728403	85.00294449	100.3117846	96.95481908	91.69540261
MA2	81.13632975	0	95.53251956	97.88161378	94.84532419	94.5280413	104.4576395	82.78191581	84.53900298	84.95947474	90.48153773	84.66680259	92.64449814	87.62191417	123.1508281	134.4733439	106.9399907	93.40396704	84.38024722	98.23546512	129.2622602	118.4391798	121.193092	116.0571765	95.01242161	87.04659301	101.800509	106.4860476	139.014671	139.6481262	147.9214306	136.3045556	141.6134291	144.2708546	139.7641971	136.4129423	104.8044557	98.67225055	105.530077	96.26972907	99.19375805	93.52749485	108.2598177	91.94165435	88.48042696	100.0356055	96.34927174	97.02735412	97.97929056	91.86727412	104.4741688
