	HA1	HA2	HA3	HA4	HA5	HA6	HA7	HB1	HB2	HB3	HB4	HB5	HB6	HB7	HC1	HC2	HC3	HC4	HC5	HC6	HC7	HD1	HD2	HD3	HD4	HD5	HD6	HD7	HE1	HE2	HE3	HE4	HE5	HE6	HE7	HF1	HF2	HF3	HF4	HF5	HF6	HF7	MA1	MA2	MA3	MA4	MA5	MA6	MB1	MB2	MB3	MB4	MB5	MB6	MC1	MC2	MC3	MC4	MC5	MC6	MD1	MD2	MD3	MD4	MD5	MD6	ME1	ME2	ME3	ME4	ME5	ME6	MF1	MF2	MF3	MF4	MF5	MF6	VA1	VA2	VA3	VA4	VA5	VD1	VD2	VD3	VD4	VD5	VF1	VF2	VF3	VF4	VF5	YA1	YA2	YA3	YA4	YA5	YD1	YD2	YD3	YD4	YD5	YF1	YF2	YF3	YF4	YF5
HA1	0	NA	NA	NA	NA	NA	NA	1	1	1	1	1	1	1	1	1	1	1	1	1	1	1	1	1	1	1	1	1	1	1	1	1	1	1	1	1	1	1	1	1	1	1	NA	NA	NA	NA	NA	NA	1	1	1	1	1	1	1	1	1	1	1	1	1	1	1	1	1	1	1	1	1	1	1	1	1	1	1	1	1	1	NA	NA	NA	NA	NA	1	1	1	1	1	1	1	1	1	1	NA	NA	NA	NA	NA	1	1	1	1	1	1	1	1	1	1
HA2	NA	0	NA	NA	NA	NA	NA	1	1	1	1	1	1	1	1	1	1	1	1	1	1	1	1	1	1	1	1	1	1	1	1	1	1	1	1	1	1	1	1	1	1	1	NA	NA	NA	NA	NA	NA	1	1	1	1	1	1	1	1	1	1	1	1	1	1	1	1	1	1	1	1	1	1	1	1	1	1	1	1	1	1	NA	NA	NA	NA	NA	1	1	1	1	1	1	1	1	1	1	NA	NA	NA	NA	NA	1	1	1	1	1	1	1	1	1	1
HA3	NA	NA	0	NA	NA	NA	NA	1	1	1	1	1	1	1	1	1	1	1	1	1	1	1	1	1	1	1	1	1	1	1	1	1	1	1	1	1	1	1	1	1	1	1	NA	NA	NA	NA	NA	NA	1	1	1	1	1	1	1	1	1	1	1	1	1	1	1	1	1	1	1	1	1	1	1	1	1	1	1	1	1	1	NA	NA	NA	NA	NA	1	1	1	1	1	1	1	1	1	1	NA	NA	NA	NA	NA	1	1	1	1	1	1	1	1	1	1
HA4	NA	NA	NA	0	NA	NA	NA	1	1	1	1	1	1	1	1	1	1	1	1	1	1	1	1	1	1	1	1	1	1	1	1	1	1	1	1	1	1	1	1	1	1	1	NA	NA	NA	NA	NA	NA	1	1	1	1	1	1	1	1	1	1	1	1	1	1	1	1	1	1	1	1	1	1	1	1	1	1	1	1	1	1	NA	NA	NA	NA	NA	1	1	1	1	1	1	1	1	1	1	NA	NA	NA	NA	NA	1	1	1	1	1	1	1	1	1	1
HA5	NA	NA	NA	NA	0	NA	NA	1	1	1	1	1	1	1	1	1	1	1	1	1	1	1	1	1	1	1	1	1	1	1	1	1	1	1	1	1	1	1	1	1	1	1	NA	NA	NA	NA	NA	NA	1	1	1	1	1	1	1	1	1	1	1	1	1	1	1	1	1	1	1	1	1	1	1	1	1	1	1	1	1	1	NA	NA	NA	NA	NA	1	1	1	1	1	1	1	1	1	1	NA	NA	NA	NA	NA	1	1	1	1	1	1	1	1	1	1
HA6	NA	NA	NA	NA	NA	0	NA	1	1	1	1	1	1	1	1	1	1	1	1	1	1	1	1	1	1	1	1	1	1	1	1	1	1	1	1	1	1	1	1	1	1	1	NA	NA	NA	NA	NA	NA	1	1	1	1	1	1	1	1	1	1	1	1	1	1	1	1	1	1	1	1	1	1	1	1	1	1	1	1	1	1	NA	NA	NA	NA	NA	1	1	1	1	1	1	1	1	1	1	NA	NA	NA	NA	NA	1	1	1	1	1	1	1	1	1	1
HA7	NA	NA	NA	NA	NA	NA	0	1	1	1	1	1	1	1	1	1	1	1	1	1	1	1	1	1	1	1	1	1	1	1	1	1	1	1	1	1	1	1	1	1	1	1	NA	NA	NA	NA	NA	NA	1	1	1	1	1	1	1	1	1	1	1	1	1	1	1	1	1	1	1	1	1	1	1	1	1	1	1	1	1	1	NA	NA	NA	NA	NA	1	1	1	1	1	1	1	1	1	1	NA	NA	NA	NA	NA	1	1	1	1	1	1	1	1	1	1
HB1	1	1	1	1	1	1	1	0	0.929378531	0.698324022	0.45799458	0.784946237	0.592105263	0.45308311	0.593582888	0.979532164	0.747474747	0.509433962	0.786720322	0.744639376	0.459807074	0.465116279	0.929577465	0.76635514	0.673202614	0.792079208	0.632047478	0.445054945	0.482758621	0.948863636	0.675126904	0.695783133	0.787037037	0.661202186	0.404682274	0.495412844	0.935119887	0.756756757	0.390243902	0.789279113	0.710280374	0.412462908	1	1	1	1	1	1	0.69348659	0.878594249	0.730870712	0.865060241	0.795053004	0.836431227	0.776744186	0.846153846	0.880103359	0.889266634	0.786476868	0.778688525	0.844748858	0.871382637	0.923478261	0.90078329	0.817703769	0.896193772	0.72826087	0.893004115	0.84801614	0.872787611	0.647457627	0.607476636	0.910828025	0.91091314	0.908045977	0.850766156	0.856801909	0.904012589	1	1	1	1	1	0.86746988	0.853658537	0.957142857	0.941605839	0.855421687	0.875706215	0.883495146	0.907514451	0.914691943	0.906103286	1	1	1	1	1	0.974683544	0.973333333	0.974193548	0.974193548	0.974842767	0.974683544	0.973856209	0.973333333	0.976047904	0.975308642
HB2	1	1	1	1	1	1	1	0.929378531	0	0.91626409	0.948212084	0.918918919	0.92	0.904294479	0.875993641	0.047957371	0.915625	0.951909477	0.927582535	0.730245232	0.888446215	0.967889908	0.001736111	0.896341463	0.956356736	0.919621749	0.926523297	0.895781638	0.949227373	0.029668412	0.909233177	0.965641953	0.926773455	0.930153322	0.886639676	0.974943052	0.026933102	0.912650602	0.950581395	0.922685656	0.830508475	0.892169448	1	1	1	1	1	1	0.957325747	0.917880795	0.951278928	0.950991832	0.955862069	0.924050633	0.9543379	0.934533552	0.972233908	0.971211515	0.952973721	0.95335277	0.936459909	0.917662683	0.983720229	0.972262774	0.948199621	0.96673428	0.965432099	0.927007299	0.968895801	0.968888889	0.930232558	0.93654043	0.936507937	0.95959596	0.962314939	0.966031909	0.958799294	0.967308815	1	1	1	1	1	0.934210526	0.920792079	0.986254296	0.986183074	0.940789474	0.948303716	0.925925926	0.957723577	0.93568147	0.935877863	1	1	1	1	1	0.98	0.97972973	0.979899497	0.979899497	0.980033278	0.98	0.979831933	0.97972973	0.980295567	0.98013245
HB3	1	1	1	1	1	1	1	0.698324022	0.91626409	0	0.843971631	0.740350877	0.827255278	0.727272727	0.6	0.979899497	0.261261261	0.764044944	0.814634146	0.904153355	0.660714286	0.883381924	0.916532905	0.385826772	0.897142857	0.760252366	0.846678024	0.725631769	0.840848806	0.94165316	0.454545455	0.916811092	0.762318841	0.860465116	0.641509434	0.902578797	0.926045016	0.392592593	0.735849057	0.823788546	0.882964889	0.744	1	1	1	1	1	1	0.816091954	0.778761062	0.828767123	0.841463415	0.785714286	0.703296703	0.75	0.609756098	0.967532468	0.967545639	0.804123711	0.78343949	0.681818182	0.75	0.982783357	0.971053822	0.948766603	0.97107438	0.864768683	0.743589744	0.961428571	0.962812318	0.892644135	0.883928571	0.797356828	0.889502762	0.933124347	0.957567185	0.948717949	0.95777027	1	1	1	1	1	0.544303797	0.454545455	0.811320755	0.96	0.443037975	0.577777778	0.680672269	0.558139535	0.661290323	0.682539683	1	1	1	1	1	0.887323944	0.873015873	0.882352941	0.882352941	0.888888889	0.887323944	0.878787879	0.873015873	0.9	0.893333333
HB4	1	1	1	1	1	1	1	0.45799458	0.948212084	0.843971631	0	0.810526316	0.35021097	0.415966387	0.917241379	0.974587039	0.820598007	0.375	0.803333333	0.581930912	0.45410628	0.39587242	0.948339483	0.804416404	0.359440559	0.810650888	0.402831403	0.413276231	0.410934744	0.960346964	0.893333333	0.40547588	0.768224299	0.444311377	0.417910448	0.391465677	0.963054187	0.76	0.35243553	0.795031056	0.514077164	0.4	1	1	1	1	1	1	0.752747253	0.918269231	0.809128631	0.8996139	0.849740933	0.865591398	0.86163522	1	0.801766438	0.810360777	0.8125	0.798270893	0.919254658	0.90821256	0.861652116	0.83090379	0.672025723	0.80809031	0.796178344	0.947976879	0.749685535	0.781266353	0.578643579	0.567398119	0.81294964	0.884057971	0.893635571	0.800498753	0.835294118	0.885007278	1	1	1	1	1	0.843866171	0.880149813	0.967078189	0.975	0.895910781	0.857142857	0.851132686	0.869565217	0.878980892	0.873417722	1	1	1	1	1	1	1	1	1	1	1	1	1	1	1
HB5	1	1	1	1	1	1	1	0.784946237	0.918918919	0.740350877	0.810526316	0	0.554621849	0.524008351	0.788395904	0.994936709	0.703947368	0.822102426	0.207296849	0.669611307	0.616306954	0.891791045	0.919117647	0.6	0.813370474	0.082352941	0.548717949	0.510638298	0.866666667	0.960493827	0.630363036	0.844155844	0.126394052	0.560859189	0.6	0.900369004	0.938650307	0.579268293	0.846590909	0.276661515	0.617463617	0.602708804	1	1	1	1	1	1	0.662125341	0.646778043	0.674226804	0.692898273	0.650385604	0.610666667	0.644859813	0.796363636	0.920627144	0.922401848	0.674418605	0.634285714	0.618461538	0.635491607	0.946997652	0.930116473	0.870088212	0.925786754	0.696202532	0.627507163	0.905838041	0.908045977	0.767241379	0.741029641	0.685714286	0.762162162	0.845217391	0.894212819	0.873807777	0.891067538	1	1	1	1	1	0.926470588	0.911111111	0.951219512	0.991769547	0.845588235	0.908127208	0.903846154	0.906810036	0.899053628	0.843260188	1	1	1	1	1	0.863636364	0.8984375	0.892720307	0.862068966	0.856603774	0.833333333	0.868725869	0.9140625	0.80952381	0.820895522
HB6	1	1	1	1	1	1	1	0.592105263	0.92	0.827255278	0.35021097	0.554621849	0	0.398601399	0.88657845	0.986354776	0.766666667	0.611202636	0.535160906	0.312865497	0.506891271	0.520725389	0.920152091	0.726618705	0.440251572	0.522788204	0.088582677	0.399433428	0.501240695	0.948374761	0.773654917	0.479125249	0.436692506	0.121042831	0.485179407	0.526992288	0.948620362	0.687943262	0.615646259	0.533408834	0.217028381	0.449189985	1	1	1	1	1	1	0.671641791	0.73129771	0.678224688	0.749009247	0.712	0.708674304	0.763016158	0.890410959	0.750548968	0.760932945	0.704654896	0.709897611	0.739750446	0.724349158	0.82468138	0.782575758	0.616992583	0.761522199	0.684507042	0.736752137	0.696008748	0.729302326	0.538626609	0.527936146	0.707317073	0.752212389	0.806637807	0.750406945	0.76985616	0.822690639	1	1	1	1	1	0.901574803	0.90513834	0.970954357	0.995824635	0.881889764	0.903660886	0.894160584	0.899029126	0.884267631	0.881081081	1	1	1	1	1	0.928	0.947154472	0.943661972	0.927565392	0.924151697	0.912	0.931313131	0.955284553	0.8978389	0.904761905
HB7	1	1	1	1	1	1	1	0.45308311	0.904294479	0.727272727	0.415966387	0.524008351	0.398601399	0	0.850340136	0.98482933	0.704918033	0.333333333	0.572847682	0.579876434	0.172248804	0.642458101	0.904528764	0.644859813	0.560500695	0.53816047	0.439180538	0.044585987	0.621716287	0.935881628	0.703947368	0.57457847	0.543599258	0.485101311	0.231527094	0.650092081	0.933823529	0.635258359	0.40509915	0.586419753	0.547248183	0.126126126	1	1	1	1	1	1	0.516304348	0.657142857	0.613168724	0.712643678	0.615384615	0.585106383	0.590062112	0.797101449	0.812928501	0.818097876	0.582474227	0.54985755	0.613496933	0.636363636	0.873239437	0.836174636	0.685897436	0.815962441	0.612631579	0.634285714	0.767879548	0.791122715	0.546628407	0.517133956	0.657957245	0.776978417	0.824500434	0.77238806	0.774193548	0.827285922	1	1	1	1	1	0.853479853	0.859778598	0.951417004	0.991803279	0.816849817	0.85915493	0.833865815	0.85	0.836477987	0.80625	1	1	1	1	1	0.864150943	0.898832685	0.893129771	0.86259542	0.857142857	0.833962264	0.869230769	0.914396887	0.810218978	0.821561338
HC1	1	1	1	1	1	1	1	0.593582888	0.875993641	0.6	0.917241379	0.788395904	0.88657845	0.850340136	0	0.923966942	0.697478992	0.913978495	0.851674641	0.896515312	0.801724138	0.846153846	0.876386688	0.674074074	0.962476548	0.809230769	0.902521008	0.845614035	0.838961039	0.8912	0.542372881	0.965811966	0.824362606	0.911179173	0.790909091	0.8767507	0.882539683	0.72027972	0.904191617	0.857142857	0.915057915	0.829457364	1	1	1	1	1	1	0.868131868	0.854700855	0.833333333	0.845238095	0.823529412	0.8	0.808823529	0.755555556	0.969827586	0.971717172	0.871287129	0.854545455	0.785714286	0.844827586	0.984263233	0.974763407	0.966101695	0.980452675	0.861591696	0.865853659	0.964488636	0.966454598	0.929549902	0.916666667	0.89787234	0.924324324	0.939896373	0.963431786	0.96434635	0.969798658	1	1	1	1	1	0.724137931	0.717647059	0.93442623	0.896551724	0.724137931	0.795918367	0.842519685	0.872340426	0.878787879	0.850746269	1	1	1	1	1	1	1	1	1	1	1	1	1	1	1
HC2	1	1	1	1	1	1	1	0.979532164	0.047957371	0.979899497	0.974587039	0.994936709	0.986354776	0.98482933	0.923966942	0	0.99025974	0.982430454	0.993442623	0.774238227	0.983539095	0.997641509	0.046099291	0.981012658	0.988349515	0.99270073	0.989010989	0.984654731	0.988662132	0.017825312	1	0.988909427	0.997647059	0.989565217	0.983263598	0.992974239	0.022182786	0.99375	0.981927711	0.98540146	0.882260597	0.98410596	1	1	1	1	1	1	0.994108984	0.989056088	0.989962359	0.990396158	0.991440799	0.985443959	0.996840442	1	0.994900127	0.99515543	0.988555079	0.990936556	0.993720565	0.989026063	0.996355906	0.995581738	0.992302758	0.995083982	0.992366412	0.993948563	0.993700787	0.994609164	0.988095238	0.991605456	0.983606557	0.98615917	0.991792066	0.993746743	0.992835821	0.99526347	1	1	1	1	1	0.948630137	0.951890034	0.996415771	0.989189189	0.97260274	0.956302521	0.961538462	0.972927242	0.968203498	0.974643423	1	1	1	1	1	1	1	1	1	1	1	1	1	1	1
HC3	1	1	1	1	1	1	1	0.747474747	0.915625	0.261261261	0.820598007	0.703947368	0.766666667	0.704918033	0.697478992	0.99025974	0	0.746192893	0.780885781	0.878914405	0.637860082	0.900552486	0.91588785	0.205479452	0.852941176	0.720238095	0.788778878	0.702702703	0.828282828	0.946540881	0.364341085	0.89261745	0.675824176	0.807228916	0.619047619	0.907608696	0.937597504	0.220779221	0.741573034	0.78858351	0.852791878	0.710037175	1	1	1	1	1	1	0.813471503	0.755102041	0.839228296	0.850144092	0.804651163	0.721393035	0.755102041	0.643564356	0.968934119	0.967855349	0.812206573	0.784090909	0.695364238	0.728395062	0.983612398	0.969506726	0.940354147	0.966240409	0.873333333	0.702857143	0.963354475	0.964367816	0.877394636	0.858672377	0.804878049	0.900262467	0.93442623	0.959525471	0.941126997	0.948462178	1	1	1	1	1	0.632653061	0.625	0.833333333	0.971014493	0.510204082	0.633027523	0.724637681	0.619047619	0.706293706	0.751724138	1	1	1	1	1	0.911111111	0.902439024	0.908045977	0.908045977	0.912087912	0.911111111	0.905882353	0.902439024	0.919191919	0.914893617
HC4	1	1	1	1	1	1	1	0.509433962	0.951909477	0.764044944	0.375	0.822102426	0.611202636	0.333333333	0.913978495	0.982430454	0.746192893	0	0.810483871	0.742439024	0.212903226	0.706293706	0.952045134	0.737089202	0.633387889	0.82133995	0.637444279	0.327823691	0.701943844	0.965860597	0.836734694	0.631975867	0.777262181	0.674418605	0.288590604	0.696551724	0.968926554	0.665158371	0.159183673	0.807407407	0.714619883	0.303571429	1	1	1	1	1	1	0.653846154	0.891025641	0.756613757	0.874396135	0.794326241	0.813432836	0.794392523	1	0.882109617	0.886297376	0.742857143	0.711934156	0.880733945	0.877419355	0.917884482	0.899869395	0.796491228	0.885262117	0.738419619	0.925619835	0.850605653	0.867183177	0.701188455	0.68164794	0.801916933	0.892857143	0.898370086	0.848	0.858280255	0.888188976	1	1	1	1	1	0.793939394	0.852760736	0.956834532	1	0.842424242	0.818181818	0.814634146	0.802325581	0.838095238	0.820754717	1	1	1	1	1	1	1	1	1	1	1	1	1	1	1
HC5	1	1	1	1	1	1	1	0.786720322	0.927582535	0.814634146	0.803333333	0.207296849	0.535160906	0.572847682	0.851674641	0.993442623	0.780885781	0.810483871	0	0.564041368	0.653136531	0.872919818	0.927736451	0.707865169	0.805456702	0.146456693	0.51160221	0.566386555	0.850359712	0.963636364	0.738317757	0.834636872	0.200603318	0.516095535	0.641509434	0.88005997	0.944680851	0.695364238	0.828092243	0.07253886	0.527138914	0.64084507	1	1	1	1	1	1	0.666666667	0.698529412	0.672131148	0.72755418	0.6692607	0.672	0.704035874	0.86	0.905817175	0.908296943	0.671875	0.642105263	0.693333333	0.6900369	0.9356085	0.916963227	0.851311953	0.911268855	0.689482471	0.696202532	0.888242142	0.893084846	0.751522533	0.72845953	0.728440367	0.782352941	0.82745098	0.877598152	0.856182796	0.872170439	1	1	1	1	1	0.944584383	0.934177215	0.967654987	0.994565217	0.889168766	0.931372549	0.926773455	0.930693069	0.923076923	0.882882883	1	1	1	1	1	0.907455013	0.93175853	0.92746114	0.906735751	0.902564103	0.88688946	0.911458333	0.942257218	0.869346734	0.877862595
HC6	1	1	1	1	1	1	1	0.744639376	0.730245232	0.904153355	0.581930912	0.669611307	0.312865497	0.579876434	0.896515312	0.774238227	0.878914405	0.742439024	0.564041368	0	0.671335201	0.583193277	0.730612245	0.848049281	0.520408163	0.618556701	0.253835425	0.59252669	0.576797386	0.75	0.882967607	0.542134831	0.583892617	0.206434316	0.690273843	0.588628763	0.750850919	0.83095723	0.775347913	0.538816295	0.110148515	0.631722881	1	1	1	1	1	1	0.806072478	0.796831314	0.759438104	0.802553191	0.787152445	0.786200194	0.864615385	0.939720129	0.686827458	0.698474636	0.782901057	0.830677291	0.850868233	0.792717087	0.768913343	0.722040549	0.556023146	0.698167445	0.764184397	0.804586241	0.629728527	0.66588785	0.635555556	0.632432432	0.763500931	0.786600496	0.817073171	0.762052189	0.786812097	0.828655835	1	1	1	1	1	0.928725702	0.932900433	0.984444444	0.991081382	0.928725702	0.933831377	0.929606625	0.942122186	0.927909372	0.930113052	1	1	1	1	1	0.960784314	0.971428571	0.969398907	0.960655738	0.958650707	0.952069717	0.962760131	0.975824176	0.94390507	0.947939262
HC7	1	1	1	1	1	1	1	0.459807074	0.888446215	0.660714286	0.45410628	0.616306954	0.506891271	0.172248804	0.801724138	0.983539095	0.637860082	0.212903226	0.653136531	0.671335201	0	0.671578947	0.888741722	0.544401544	0.628614916	0.630289532	0.541029207	0.144254279	0.642436149	0.930574099	0.595041322	0.641748942	0.635220126	0.583011583	0.093023256	0.675675676	0.928381963	0.528089888	0.333333333	0.662116041	0.635960044	0.151832461	1	1	1	1	1	1	0.555555556	0.69273743	0.650943396	0.760869565	0.664634146	0.636942675	0.646153846	0.738317757	0.853535354	0.856463878	0.63190184	0.598615917	0.681818182	0.674157303	0.902054795	0.87110542	0.741989882	0.852998066	0.651331719	0.6875	0.818537859	0.833783055	0.612598425	0.586206897	0.715877437	0.829959514	0.851239669	0.812419146	0.806451613	0.85106383	1	1	1	1	1	0.819905213	0.827751196	0.935135135	0.989010989	0.763033175	0.828828829	0.800796813	0.816513761	0.8046875	0.751937984	1	1	1	1	1	0.822660099	0.866666667	0.86	0.82	0.81372549	0.812807882	0.828282828	0.887179487	0.820754717	0.816425121
HD1	1	1	1	1	1	1	1	0.465116279	0.967889908	0.883381924	0.39587242	0.891791045	0.520725389	0.642458101	0.846153846	0.997641509	0.900552486	0.706293706	0.872919818	0.583193277	0.671578947	0	0.967963387	0.904761905	0.278350515	0.89084507	0.54176611	0.640151515	0.057324841	0.98156682	0.850415512	0.323671498	0.88590604	0.504464286	0.641468683	0.03	0.96792669	0.896373057	0.643902439	0.872340426	0.507843137	0.624750499	1	1	1	1	1	1	0.816470588	0.94129979	0.826887661	0.913644214	0.874720358	0.92147806	0.878627968	0.951951952	0.722725107	0.738191633	0.869662921	0.87254902	0.932114883	0.936842105	0.810463968	0.763606824	0.577011494	0.742112483	0.823308271	0.960687961	0.647486372	0.749492901	0.689655172	0.676680973	0.949790795	0.954323002	0.932119205	0.852252252	0.880365939	0.92195122	1	1	1	1	1	0.957575758	0.957317073	0.986842105	0.986710963	0.939393939	0.964809384	0.962162162	0.964391691	0.962666667	0.952254642	1	1	1	1	1	0.99378882	0.993630573	0.993730408	0.993730408	0.99380805	0.99378882	0.993690852	0.993630573	0.993957704	0.993865031
HD2	1	1	1	1	1	1	1	0.929577465	0.001736111	0.916532905	0.948339483	0.919117647	0.920152091	0.904528764	0.876386688	0.046099291	0.91588785	0.952045134	0.927736451	0.730612245	0.888741722	0.967963387	0	0.896656535	0.956439394	0.919811321	0.926654741	0.896039604	0.949339207	0.027874564	0.909516381	0.965703971	0.926940639	0.930272109	0.886944818	0.975	0.025151778	0.912912913	0.950724638	0.92284264	0.830769231	0.892445583	1	1	1	1	1	1	0.957446809	0.918097754	0.951397327	0.951105937	0.955983494	0.924263675	0.95447648	0.934747145	0.972257251	0.971234519	0.953103448	0.953488372	0.936651584	0.917880795	0.983730039	0.972283005	0.948264984	0.966761248	0.965517241	0.927219796	0.968928017	0.968916519	0.930367505	0.936670072	0.936675462	0.95968645	0.962365591	0.966066838	0.958847737	0.967346939	1	1	1	1	1	0.93442623	0.921052632	0.98630137	0.986230637	0.940983607	0.948470209	0.926153846	0.957860616	0.935877863	0.936073059	1	1	1	1	1	0.980066445	0.97979798	0.979966611	0.979966611	0.980099502	0.980066445	0.979899497	0.97979798	0.980360065	0.98019802
HD3	1	1	1	1	1	1	1	0.76635514	0.896341463	0.385826772	0.804416404	0.6	0.726618705	0.644859813	0.674074074	0.981012658	0.205479452	0.737089202	0.707865169	0.848049281	0.544401544	0.904761905	0.896656535	0	0.842857143	0.630681818	0.75562701	0.608974359	0.839805825	0.938650307	0.282758621	0.885620915	0.621052632	0.776470588	0.530364372	0.911458333	0.923896499	0.117647059	0.721649485	0.73006135	0.815920398	0.621052632	1	1	1	1	1	1	0.722488038	0.67816092	0.773700306	0.790633609	0.731601732	0.631336406	0.705521472	0.58974359	0.958576739	0.957149975	0.737991266	0.677083333	0.628742515	0.644787645	0.97591215	0.959928762	0.913682277	0.953323186	0.810126582	0.623036649	0.954006969	0.952164009	0.82527881	0.801242236	0.732824427	0.869017632	0.913306452	0.94478951	0.917012448	0.931091058	1	1	1	1	1	0.684210526	0.642857143	0.840909091	0.976470588	0.50877193	0.68	0.74025974	0.685950413	0.710691824	0.677018634	1	1	1	1	1	0.811320755	0.795918367	0.805825243	0.805825243	0.813084112	0.811320755	0.801980198	0.795918367	0.826086957	0.818181818
HD4	1	1	1	1	1	1	1	0.673202614	0.956356736	0.897142857	0.359440559	0.813370474	0.440251572	0.560500695	0.962476548	0.988349515	0.852941176	0.633387889	0.805456702	0.520408163	0.628614916	0.278350515	0.956439394	0.842857143	0	0.810666667	0.458823529	0.563380282	0.244444444	0.977142857	0.900552486	0.087128713	0.771208226	0.432282004	0.612403101	0.255754476	0.967772512	0.816901408	0.621621622	0.799323563	0.445923461	0.557833089	1	1	1	1	1	1	0.831960461	0.930197269	0.851034483	0.91064389	0.882352941	0.899186992	0.900178253	0.976699029	0.659798334	0.658212058	0.862838915	0.861016949	0.932743363	0.917808219	0.744799752	0.69667171	0.569603228	0.678345293	0.843137255	0.949066214	0.636661211	0.732590529	0.675213675	0.673098751	0.863636364	0.899371069	0.900719424	0.820249053	0.850280724	0.894867038	1	1	1	1	1	0.92578125	0.941176471	0.979423868	0.995859213	0.921875	0.923518164	0.913043478	0.926782274	0.917414722	0.903398927	1	1	1	1	1	0.976190476	0.975806452	0.976047904	0.976047904	0.976237624	0.976190476	0.975951904	0.975806452	0.976608187	0.976377953
HD5	1	1	1	1	1	1	1	0.792079208	0.919621749	0.760252366	0.810650888	0.082352941	0.522788204	0.53816047	0.809230769	0.99270073	0.720238095	0.82133995	0.146456693	0.618556701	0.630289532	0.89084507	0.919811321	0.630681818	0.810666667	0	0.497536946	0.529880478	0.863787375	0.959619952	0.665671642	0.842892768	0.105263158	0.503448276	0.615560641	0.898954704	0.938606848	0.616666667	0.84375	0.216494845	0.561368209	0.616842105	1	1	1	1	1	1	0.674185464	0.662971175	0.678916828	0.703435805	0.657957245	0.626535627	0.66572238	0.817589577	0.917993247	0.91989076	0.680190931	0.643979058	0.647058824	0.652561247	0.94490541	0.927750411	0.867083659	0.923183711	0.699604743	0.653543307	0.902769231	0.905447071	0.766483516	0.741456166	0.699115044	0.768313458	0.842639594	0.891397193	0.870967742	0.887863733	1	1	1	1	1	0.927631579	0.913907285	0.956834532	0.992727273	0.855263158	0.911111111	0.906976744	0.909967846	0.902578797	0.851851852	1	1	1	1	1	0.878378378	0.909722222	0.90443686	0.877133106	0.872053872	0.851351351	0.883161512	0.923611111	0.829508197	0.84
HD6	1	1	1	1	1	1	1	0.632047478	0.926523297	0.846678024	0.402831403	0.548717949	0.088582677	0.439180538	0.902521008	0.989010989	0.788778878	0.637444279	0.51160221	0.253835425	0.541029207	0.54176611	0.926654741	0.75562701	0.458823529	0.497536946	0	0.440414508	0.520642202	0.95323741	0.795041322	0.48880597	0.435714286	0.059649123	0.533239038	0.547393365	0.953446732	0.717460317	0.654434251	0.511064278	0.153481013	0.487248322	1	1	1	1	1	1	0.704035874	0.72815534	0.679796696	0.744835966	0.710564399	0.707533235	0.78812199	0.902946274	0.731967563	0.743007702	0.703918723	0.739263804	0.767145136	0.721835883	0.809929942	0.765705839	0.594577147	0.743315508	0.68556701	0.732718894	0.674934037	0.710288809	0.531062124	0.520678685	0.681440443	0.726954492	0.789256198	0.734939759	0.756156156	0.807027993	1	1	1	1	1	0.916376307	0.91958042	0.97810219	0.996330275	0.898954704	0.917948718	0.908794788	0.91394148	0.899838449	0.896940419	1	1	1	1	1	0.93639576	0.953405018	0.95026643	0.936056838	0.9329806	0.922261484	0.939393939	0.960573477	0.909565217	0.915789474
HD7	1	1	1	1	1	1	1	0.445054945	0.895781638	0.725631769	0.413276231	0.510638298	0.399433428	0.044585987	0.845614035	0.984654731	0.702702703	0.327823691	0.566386555	0.59252669	0.144254279	0.640151515	0.896039604	0.608974359	0.563380282	0.529880478	0.440414508	0	0.615658363	0.935162095	0.661016949	0.577427822	0.543396226	0.486746988	0.19395466	0.644194757	0.933085502	0.6	0.395348837	0.580594679	0.549266247	0.089655172	1	1	1	1	1	1	0.537604457	0.654501217	0.631027254	0.730994152	0.637795276	0.607629428	0.610223642	0.790262172	0.823905558	0.828465461	0.604221636	0.573099415	0.640378549	0.643031785	0.880928355	0.84557596	0.694915254	0.823668081	0.630901288	0.648093842	0.78170347	0.802728227	0.543604651	0.51342812	0.67961165	0.795246801	0.833625219	0.778611632	0.772693727	0.834915997	1	1	1	1	1	0.863636364	0.86259542	0.949579832	0.991489362	0.825757576	0.869090909	0.835526316	0.859778598	0.844660194	0.800643087	1	1	1	1	1	0.859375	0.89516129	0.889328063	0.85770751	0.852140078	0.828125	0.864541833	0.911290323	0.803773585	0.815384615
HE1	1	1	1	1	1	1	1	0.482758621	0.949227373	0.840848806	0.410934744	0.866666667	0.501240695	0.621716287	0.838961039	0.988662132	0.828282828	0.701943844	0.850359712	0.576797386	0.642436149	0.057324841	0.949339207	0.839805825	0.244444444	0.863787375	0.520642202	0.615658363	0	0.964523282	0.807594937	0.285382831	0.86031746	0.486021505	0.613682093	0.044164038	0.953693495	0.833333333	0.644144144	0.845737483	0.5028463	0.607476636	1	1	1	1	1	1	0.816993464	0.909980431	0.819757366	0.898858075	0.866943867	0.888650964	0.878934625	0.929155313	0.703703704	0.719096145	0.858037578	0.864253394	0.908872902	0.905697446	0.79824276	0.74599359	0.574309186	0.722647456	0.819787986	0.931972789	0.635608309	0.744765703	0.680203046	0.667121419	0.9296875	0.941267388	0.919484702	0.845791642	0.870790378	0.911504425	1	1	1	1	1	0.945054945	0.939226519	0.982248521	0.988059701	0.923076923	0.946666667	0.945544554	0.946091644	0.946210269	0.931873479	1	1	1	1	1	0.988764045	0.988505747	0.988668555	0.988668555	0.988795518	0.988764045	0.988603989	0.988505747	0.989041096	0.988888889
HE2	1	1	1	1	1	1	1	0.948863636	0.029668412	0.94165316	0.960346964	0.960493827	0.948374761	0.935881628	0.8912	0.017825312	0.946540881	0.965860597	0.963636364	0.75	0.930574099	0.98156682	0.027874564	0.938650307	0.977142857	0.959619952	0.95323741	0.935162095	0.964523282	0	0.955905512	0.978221416	0.965517241	0.955555556	0.929443691	0.988558352	0.02005231	0.951515152	0.964912281	0.957099081	0.85316847	0.932903226	1	1	1	1	1	1	0.982832618	0.952063915	0.973072215	0.971864009	0.980582524	0.949080622	0.981623277	0.953871499	0.98145807	0.979975971	0.977746871	0.979472141	0.96347032	0.951935915	0.990341081	0.980994152	0.967067764	0.978870378	0.987593052	0.953010279	0.98025974	0.978628673	0.955252918	0.963001028	0.960106383	0.972942503	0.974358974	0.977307891	0.974041298	0.97893505	1	1	1	1	1	0.937086093	0.933554817	0.993079585	0.989565217	0.960264901	0.957723577	0.940993789	0.963993453	0.953775039	0.953917051	1	1	1	1	1	1	1	1	1	1	1	1	1	1	1
HE3	1	1	1	1	1	1	1	0.675126904	0.909233177	0.454545455	0.893333333	0.630363036	0.773654917	0.703947368	0.542372881	1	0.364341085	0.836734694	0.738317757	0.882967607	0.595041322	0.850415512	0.909516381	0.282758621	0.900552486	0.665671642	0.795041322	0.661016949	0.807594937	0.955905512	0	0.919327731	0.669421488	0.812971342	0.556521739	0.874659401	0.9375	0.281045752	0.81920904	0.758474576	0.857687421	0.626865672	1	1	1	1	1	1	0.75	0.680327869	0.780645161	0.797687861	0.719626168	0.67	0.671232877	0.56	0.96034298	0.959798995	0.764150943	0.725714286	0.626666667	0.685950413	0.97790449	0.962314939	0.927238806	0.961105425	0.806020067	0.655172414	0.952045134	0.955146636	0.850287908	0.82832618	0.795918367	0.873684211	0.917948718	0.948324022	0.927609428	0.943427621	1	1	1	1	1	0.81443299	0.768421053	0.830985915	0.970588235	0.587628866	0.777777778	0.795620438	0.769230769	0.788732394	0.736111111	1	1	1	1	1	0.820224719	0.802469136	0.813953488	0.813953488	0.822222222	0.820224719	0.80952381	0.802469136	0.836734694	0.827956989
HE4	1	1	1	1	1	1	1	0.695783133	0.965641953	0.916811092	0.40547588	0.844155844	0.479125249	0.57457847	0.965811966	0.988909427	0.89261745	0.631975867	0.834636872	0.542134831	0.641748942	0.323671498	0.965703971	0.885620915	0.087128713	0.842892768	0.48880597	0.577427822	0.285382831	0.978221416	0.919327731	0	0.809638554	0.467256637	0.644189383	0.302158273	0.976513098	0.858064516	0.652173913	0.831735889	0.475279107	0.570068027	1	1	1	1	1	1	0.857359636	0.946554149	0.871299871	0.926199262	0.9030837	0.91904048	0.921696574	0.992945326	0.663094728	0.661375661	0.885125184	0.884735202	0.951377634	0.935119887	0.745798961	0.698813056	0.577647823	0.681123503	0.864229765	0.965678627	0.64137931	0.734360834	0.70242915	0.702036442	0.887640449	0.917355372	0.911234397	0.819905213	0.86102719	0.904134212	1	1	1	1	1	0.929078014	0.950177936	0.981412639	0.996261682	0.939716312	0.930434783	0.927152318	0.929947461	0.934318555	0.924713584	1	1	1	1	1	0.992805755	0.99270073	0.992766727	0.992766727	0.992818671	0.992805755	0.992740472	0.99270073	0.992920354	0.992857143
HE5	1	1	1	1	1	1	1	0.787037037	0.926773455	0.762318841	0.768224299	0.126394052	0.436692506	0.543599258	0.824362606	0.997647059	0.675824176	0.777262181	0.200603318	0.583892617	0.635220126	0.88590604	0.926940639	0.621052632	0.771208226	0.105263158	0.435714286	0.543396226	0.86031746	0.965517241	0.669421488	0.809638554	0	0.452115813	0.621505376	0.893687708	0.945142857	0.567010309	0.805825243	0.247524752	0.520547945	0.622266402	1	1	1	1	1	1	0.648711944	0.653444676	0.658715596	0.690189329	0.639198218	0.618390805	0.679790026	0.832835821	0.901951452	0.904719101	0.659955257	0.63902439	0.631168831	0.64360587	0.933574482	0.913961039	0.842387146	0.90772042	0.68164794	0.638141809	0.882637629	0.888551165	0.727513228	0.70042796	0.65	0.726829268	0.816528926	0.871625675	0.848208011	0.864996521	1	1	1	1	1	0.903614458	0.903030303	0.960784314	0.99339934	0.843373494	0.889212828	0.903225806	0.887905605	0.877984085	0.873350923	1	1	1	1	1	0.888888889	0.917721519	0.912772586	0.887850467	0.883076923	0.864197531	0.893416928	0.930379747	0.843843844	0.853658537
HE6	1	1	1	1	1	1	1	0.661202186	0.930153322	0.860465116	0.444311377	0.560859189	0.121042831	0.485101311	0.911179173	0.989565217	0.807228916	0.674418605	0.516095535	0.206434316	0.583011583	0.504464286	0.930272109	0.776470588	0.432282004	0.503448276	0.059649123	0.486746988	0.486021505	0.955555556	0.812971342	0.467256637	0.452115813	0	0.568627451	0.509977827	0.955744681	0.74127907	0.68258427	0.517378352	0.104387292	0.531755915	1	1	1	1	1	1	0.727647868	0.738125802	0.692307692	0.752553916	0.722296395	0.719727891	0.806167401	0.911811024	0.711786756	0.723564356	0.716198126	0.76056338	0.786861314	0.732303732	0.794073631	0.747467438	0.569383945	0.723583769	0.697841727	0.743300423	0.651817716	0.689533861	0.547348485	0.538461538	0.692307692	0.733333333	0.790728477	0.740721912	0.75856065	0.80771445	1	1	1	1	1	0.924050633	0.926984127	0.98019802	0.99668325	0.908227848	0.925349922	0.916666667	0.921752739	0.908419498	0.905743741	1	1	1	1	1	0.942307692	0.957792208	0.954911433	0.942028986	0.9392	0.929487179	0.945072698	0.964285714	0.917851501	0.923566879
HE7	1	1	1	1	1	1	1	0.404682274	0.886639676	0.641509434	0.417910448	0.6	0.485179407	0.231527094	0.790909091	0.983263598	0.619047619	0.288590604	0.641509434	0.690273843	0.093023256	0.641468683	0.886944818	0.530364372	0.612403101	0.615560641	0.533239038	0.19395466	0.613682093	0.929443691	0.556521739	0.644189383	0.621505376	0.568627451	0	0.646055437	0.92722372	0.505882353	0.268817204	0.651567944	0.631046119	0.178378378	1	1	1	1	1	1	0.544217687	0.682080925	0.645631068	0.758928571	0.658227848	0.629139073	0.637096774	0.722772277	0.866869919	0.869024857	0.624203822	0.588447653	0.674603175	0.668604651	0.91127923	0.882453882	0.761499148	0.865758755	0.645885287	0.68115942	0.835526316	0.847908745	0.589085072	0.559859155	0.711815562	0.829875519	0.851439183	0.818774446	0.795348837	0.851226994	1	1	1	1	1	0.809045226	0.817258883	0.930635838	0.988235294	0.748743719	0.819047619	0.790794979	0.805825243	0.795081967	0.739837398	1	1	1	1	1	0.811518325	0.857923497	0.85106383	0.808510638	0.8125	0.811518325	0.817204301	0.879781421	0.82	0.815384615
HF1	1	1	1	1	1	1	1	0.495412844	0.974943052	0.902578797	0.391465677	0.900369004	0.526992288	0.650092081	0.8767507	0.992974239	0.907608696	0.696551724	0.88005997	0.588628763	0.675675676	0.03	0.975	0.911458333	0.255754476	0.898954704	0.547393365	0.644194757	0.044164038	0.988558352	0.874659401	0.302158273	0.893687708	0.509977827	0.646055437	0	0.974971559	0.903061224	0.634615385	0.876230661	0.514619883	0.633136095	1	1	1	1	1	1	0.819025522	0.954451346	0.839708561	0.924786325	0.876379691	0.936218679	0.890909091	0.982300885	0.719714964	0.735307313	0.871396896	0.874396135	0.948586118	0.95010395	0.806239737	0.760940032	0.583524027	0.739170087	0.817843866	0.975786925	0.643934822	0.753286148	0.7	0.687943262	0.962809917	0.951534733	0.937397035	0.856373429	0.885073581	0.926439972	1	1	1	1	1	0.952380952	0.964071856	0.987096774	0.986970684	0.946428571	0.959654179	0.957446809	0.959183673	0.958005249	0.953002611	1	1	1	1	1	0.993902439	0.99375	0.993846154	0.993846154	0.993920973	0.993902439	0.99380805	0.99375	0.994065282	0.993975904
HF2	1	1	1	1	1	1	1	0.935119887	0.026933102	0.926045016	0.963054187	0.938650307	0.948620362	0.933823529	0.882539683	0.022182786	0.937597504	0.968926554	0.944680851	0.750850919	0.928381963	0.96792669	0.025151778	0.923896499	0.967772512	0.938606848	0.953446732	0.933085502	0.953693495	0.02005231	0.9375	0.976513098	0.945142857	0.955744681	0.92722372	0.974971559	0	0.939849624	0.968069666	0.93902439	0.853733641	0.930769231	1	1	1	1	1	1	0.957386364	0.941798942	0.9513382	0.951048951	0.955922865	0.935393258	0.954407295	0.950980392	0.978132885	0.979216627	0.953038674	0.95342067	0.939577039	0.941644562	0.987341772	0.981028822	0.967171717	0.97891322	0.965474723	0.950437318	0.975129534	0.976899156	0.949661181	0.955010225	0.93659181	0.961883408	0.967720242	0.973251029	0.969411765	0.974329055	1	1	1	1	1	0.937602627	0.92092257	0.986277873	0.986206897	0.9408867	0.948387097	0.935285054	0.957792208	0.93883792	0.93902439	1	1	1	1	1	0.980033278	0.979763912	0.97993311	0.97993311	0.980066445	0.980033278	0.979865772	0.979763912	0.980327869	0.980165289
HF3	1	1	1	1	1	1	1	0.756756757	0.912650602	0.392592593	0.76	0.579268293	0.687943262	0.635258359	0.72027972	0.99375	0.220779221	0.665158371	0.695364238	0.83095723	0.528089888	0.896373057	0.912912913	0.117647059	0.816901408	0.616666667	0.717460317	0.6	0.833333333	0.951515152	0.281045752	0.858064516	0.567010309	0.74127907	0.505882353	0.903061224	0.939849624	0	0.683168317	0.718309859	0.795566502	0.604095563	1	1	1	1	1	1	0.732718894	0.687732342	0.76119403	0.76819407	0.715481172	0.644444444	0.719298246	0.616	0.950290851	0.947394541	0.746835443	0.69	0.645714286	0.655430712	0.968915578	0.952972493	0.901549681	0.947448206	0.796296296	0.638190955	0.943173943	0.941043084	0.802197802	0.775967413	0.688888889	0.832098765	0.894	0.93136582	0.904369332	0.921760391	1	1	1	1	1	0.721311475	0.716666667	0.875	0.978494624	0.557377049	0.69924812	0.765432099	0.689922481	0.724550898	0.704142012	1	1	1	1	1	0.824561404	0.811320755	0.81981982	0.81981982	0.826086957	0.824561404	0.816513761	0.811320755	0.837398374	0.830508475
HF4	1	1	1	1	1	1	1	0.390243902	0.950581395	0.735849057	0.35243553	0.846590909	0.615646259	0.40509915	0.904191617	0.981927711	0.741573034	0.159183673	0.828092243	0.775347913	0.333333333	0.643902439	0.950724638	0.721649485	0.621621622	0.84375	0.654434251	0.395348837	0.644144144	0.964912281	0.81920904	0.652173913	0.805825243	0.68258427	0.268817204	0.634615385	0.968069666	0.683168317	0	0.823416507	0.729665072	0.38170347	1	1	1	1	1	1	0.626556017	0.883959044	0.749303621	0.883544304	0.779467681	0.807228916	0.774358974	1	0.892428198	0.898970083	0.724137931	0.696428571	0.869346734	0.869415808	0.927845884	0.909569798	0.818019625	0.897154269	0.724137931	0.919282511	0.863667348	0.884787472	0.666666667	0.646601942	0.80952381	0.888111888	0.908203125	0.860904794	0.846402587	0.889688249	1	1	1	1	1	0.794520548	0.833333333	0.95	1	0.849315068	0.821656051	0.806451613	0.803921569	0.842931937	0.803108808	1	1	1	1	1	1	1	1	1	1	1	1	1	1	1
HF5	1	1	1	1	1	1	1	0.789279113	0.922685656	0.823788546	0.795031056	0.276661515	0.533408834	0.586419753	0.857142857	0.98540146	0.78858351	0.807407407	0.07253886	0.538816295	0.662116041	0.872340426	0.92284264	0.73006135	0.799323563	0.216494845	0.511064278	0.580594679	0.845737483	0.957099081	0.758474576	0.831735889	0.247524752	0.517378352	0.651567944	0.876230661	0.93902439	0.718309859	0.823416507	0	0.527851459	0.650326797	1	1	1	1	1	1	0.671641791	0.704081633	0.672782875	0.730434783	0.681003584	0.676470588	0.730612245	0.873873874	0.900452489	0.903170523	0.672661871	0.672447013	0.704453441	0.696245734	0.931428571	0.912164788	0.844632768	0.906005222	0.692068429	0.706563707	0.881952327	0.887662026	0.74566474	0.725925926	0.728353141	0.779005525	0.821076573	0.871621622	0.849869452	0.866752911	1	1	1	1	1	0.931972789	0.922551253	0.971084337	0.985436893	0.89569161	0.920353982	0.916839917	0.928571429	0.917695473	0.885245902	1	1	1	1	1	0.916859122	0.938823529	0.934883721	0.91627907	0.912442396	0.898383372	0.920560748	0.948235294	0.882352941	0.890160183
HF6	1	1	1	1	1	1	1	0.710280374	0.830508475	0.882964889	0.514077164	0.617463617	0.217028381	0.547248183	0.915057915	0.882260597	0.852791878	0.714619883	0.527138914	0.110148515	0.635960044	0.507843137	0.830769231	0.815920398	0.445923461	0.561368209	0.153481013	0.549266247	0.5028463	0.85316847	0.857687421	0.475279107	0.520547945	0.104387292	0.631046119	0.514619883	0.853733641	0.795566502	0.729665072	0.527851459	0	0.590075512	1	1	1	1	1	1	0.76733255	0.7696567	0.72755418	0.779104478	0.757159221	0.755529686	0.836024845	0.926218709	0.699009901	0.710834277	0.752009185	0.79616307	0.819530284	0.764705882	0.781818182	0.734764543	0.560947429	0.710677382	0.732776618	0.776710684	0.63986519	0.678065054	0.591525424	0.585777778	0.730088496	0.761308951	0.804161567	0.75131516	0.772604223	0.818377217	1	1	1	1	1	0.923280423	0.928381963	0.980821918	0.997248968	0.912698413	0.929595828	0.924623116	0.929226737	0.915106117	0.915317559	1	1	1	1	1	0.951871658	0.964864865	0.962416107	0.951677852	0.949265688	0.941176471	0.954239569	0.97027027	0.931307794	0.936170213
HF7	1	1	1	1	1	1	1	0.412462908	0.892169448	0.744	0.4	0.602708804	0.449189985	0.126126126	0.829457364	0.98410596	0.710037175	0.303571429	0.64084507	0.631722881	0.151832461	0.624750499	0.892445583	0.621052632	0.557833089	0.616842105	0.487248322	0.089655172	0.607476636	0.932903226	0.626865672	0.570068027	0.622266402	0.531755915	0.178378378	0.633136095	0.930769231	0.604095563	0.38170347	0.650326797	0.590075512	0	1	1	1	1	1	1	0.644578313	0.755208333	0.715555556	0.814814815	0.745762712	0.717647059	0.741258741	0.8	0.847457627	0.850704225	0.710227273	0.688888889	0.772413793	0.743455497	0.897488119	0.865766146	0.731023102	0.846227316	0.717539863	0.770700637	0.811296534	0.827567855	0.597579425	0.570957096	0.781818182	0.876923077	0.87264574	0.805343511	0.804216867	0.867362146	1	1	1	1	1	0.839662447	0.846808511	0.943127962	0.990384615	0.797468354	0.846774194	0.819494585	0.836065574	0.822695035	0.781690141	1	1	1	1	1	0.912663755	0.909502262	0.911504425	0.911504425	0.913043478	0.912663755	0.910714286	0.909502262	0.915966387	0.91416309
MA1	NA	NA	NA	NA	NA	NA	NA	1	1	1	1	1	1	1	1	1	1	1	1	1	1	1	1	1	1	1	1	1	1	1	1	1	1	1	1	1	1	1	1	1	1	1	0	NA	NA	NA	NA	NA	1	1	1	1	1	1	1	1	1	1	1	1	1	1	1	1	1	1	1	1	1	1	1	1	1	1	1	1	1	1	NA	NA	NA	NA	NA	1	1	1	1	1	1	1	1	1	1	NA	NA	NA	NA	NA	1	1	1	1	1	1	1	1	1	1
MA2	NA	NA	NA	NA	NA	NA	NA	1	1	1	1	1	1	1	1	1	1	1	1	1	1	1	1	1	1	1	1	1	1	1	1	1	1	1	1	1	1	1	1	1	1	1	NA	0	NA	NA	NA	NA	1	1	1	1	1	1	1	1	1	1	1	1	1	1	1	1	1	1	1	1	1	1	1	1	1	1	1	1	1	1	NA	NA	NA	NA	NA	1	1	1	1	1	1	1	1	1	1	NA	NA	NA	NA	NA	1	1	1	1	1	1	1	1	1	1
MA3	NA	NA	NA	NA	NA	NA	NA	1	1	1	1	1	1	1	1	1	1	1	1	1	1	1	1	1	1	1	1	1	1	1	1	1	1	1	1	1	1	1	1	1	1	1	NA	NA	0	NA	NA	NA	1	1	1	1	1	1	1	1	1	1	1	1	1	1	1	1	1	1	1	1	1	1	1	1	1	1	1	1	1	1	NA	NA	NA	NA	NA	1	1	1	1	1	1	1	1	1	1	NA	NA	NA	NA	NA	1	1	1	1	1	1	1	1	1	1
MA4	NA	NA	NA	NA	NA	NA	NA	1	1	1	1	1	1	1	1	1	1	1	1	1	1	1	1	1	1	1	1	1	1	1	1	1	1	1	1	1	1	1	1	1	1	1	NA	NA	NA	0	NA	NA	1	1	1	1	1	1	1	1	1	1	1	1	1	1	1	1	1	1	1	1	1	1	1	1	1	1	1	1	1	1	NA	NA	NA	NA	NA	1	1	1	1	1	1	1	1	1	1	NA	NA	NA	NA	NA	1	1	1	1	1	1	1	1	1	1
MA5	NA	NA	NA	NA	NA	NA	NA	1	1	1	1	1	1	1	1	1	1	1	1	1	1	1	1	1	1	1	1	1	1	1	1	1	1	1	1	1	1	1	1	1	1	1	NA	NA	NA	NA	0	NA	1	1	1	1	1	1	1	1	1	1	1	1	1	1	1	1	1	1	1	1	1	1	1	1	1	1	1	1	1	1	NA	NA	NA	NA	NA	1	1	1	1	1	1	1	1	1	1	NA	NA	NA	NA	NA	1	1	1	1	1	1	1	1	1	1
MA6	NA	NA	NA	NA	NA	NA	NA	1	1	1	1	1	1	1	1	1	1	1	1	1	1	1	1	1	1	1	1	1	1	1	1	1	1	1	1	1	1	1	1	1	1	1	NA	NA	NA	NA	NA	0	1	1	1	1	1	1	1	1	1	1	1	1	1	1	1	1	1	1	1	1	1	1	1	1	1	1	1	1	1	1	NA	NA	NA	NA	NA	1	1	1	1	1	1	1	1	1	1	NA	NA	NA	NA	NA	1	1	1	1	1	1	1	1	1	1
